0 0 0 0 0 0 0 0 0 0 0 0 0 0 0 0 0 0 0 0 0 0 0 0 0 0 0 0 0 0 0 0 0 0 0 0 0 0 0 0 0 0 0 0 0 0 0 0 0 0 0 0 0 0 0 0 0 0 0 0 0 0 0 0 0 0 0 0 0 0 0 0 0 0 0 0 0 0 0 0 0 0 0 0 0 0 0 0 0 0 0 0 0 0 0 0 0 0 0 
1e-12 140.496 280.991 421.483 561.97 702.453 842.928 983.395 1123.85 1264.3 1404.73 1545.15 1685.56 1825.94 1966.31 2106.66 2246.99 2387.3 2527.59 2667.84 2808.08 2948.28 3088.46 3228.6 3368.72 3508.8 3648.84 3788.85 3928.82 4068.76 4208.65 4348.5 4488.31 4628.08 4767.8 4907.47 5047.09 5186.66 5326.19 5465.66 5605.07 5744.43 5883.74 6022.98 6162.17 6301.29 6440.36 6579.36 6718.29 6857.16 6995.96 7134.69 7273.36 7411.94 7550.46 7688.9 7827.27 7965.56 8103.77 8241.9 8379.95 8517.91 8655.8 8793.59 8931.3 9068.92 9206.46 9343.9 9481.25 9618.5 9755.66 9892.73 10029.7 10166.6 10303.3 10440 10576.6 10713 10849.4 10985.6 11121.7 11257.8 11393.7 11529.5 11665.2 11800.8 11936.2 12071.6 12206.8 12341.9 12476.9 12611.7 12746.4 12881.1 13015.5 13149.9 13284.1 13418.2 13552.1 
2e-12 280.991 561.97 842.928 1123.85 1404.73 1685.56 1966.31 2246.99 2527.59 2808.08 3088.46 3368.72 3648.84 3928.82 4208.65 4488.31 4767.8 5047.09 5326.19 5605.07 5883.74 6162.17 6440.36 6718.29 6995.96 7273.36 7550.46 7827.27 8103.77 8379.95 8655.8 8931.3 9206.46 9481.25 9755.66 10029.7 10303.3 10576.6 10849.4 11121.7 11393.7 11665.2 11936.2 12206.8 12476.9 12746.4 13015.5 13284.1 13552.1 13819.7 14086.6 14353 14618.9 14884.1 15148.8 15412.9 15676.4 15939.2 16201.4 16463 16724 16984.2 17243.8 17502.8 17761 18018.5 18275.3 18531.4 18786.8 19041.4 19295.3 19548.4 19800.8 20052.3 20303.1 20553 20802.2 21050.5 21298 21544.7 21790.5 22035.4 22279.5 22522.7 22765 23006.4 23246.9 23486.5 23725.2 23962.9 24199.7 24435.5 24670.4 24904.2 25137.1 25369 25599.9 25829.8 
3e-12 421.483 842.928 1264.3 1685.56 2106.66 2527.59 2948.28 3368.72 3788.85 4208.65 4628.08 5047.09 5465.66 5883.74 6301.29 6718.29 7134.69 7550.46 7965.56 8379.95 8793.59 9206.46 9618.5 10029.7 10440 10849.4 11257.8 11665.2 12071.6 12476.9 12881.1 13284.1 13686 14086.6 14486 14884.1 15280.9 15676.4 16070.4 16463 16854.2 17243.8 17632 18018.5 18403.5 18786.8 19168.5 19548.4 19926.6 20303.1 20677.7 21050.5 21421.5 21790.5 22157.6 22522.7 22885.8 23246.9 23606 23962.9 24317.7 24670.4 25020.8 25369 25715 26058.7 26400.1 26739.1 27075.8 27410 27741.9 28071.2 28398.1 28722.4 29044.2 29363.4 29680 29994 30305.3 30613.9 30919.8 31222.9 31523.3 31820.8 32115.6 32407.5 32696.5 32982.6 33265.8 33546 33823.2 34097.5 34368.7 34636.8 34901.9 35163.9 35422.7 35678.5 
4e-12 561.97 1123.85 1685.56 2246.99 2808.08 3368.72 3928.82 4488.31 5047.09 5605.07 6162.17 6718.29 7273.36 7827.27 8379.95 8931.3 9481.25 10029.7 10576.6 11121.7 11665.2 12206.8 12746.4 13284.1 13819.7 14353 14884.1 15412.9 15939.2 16463 16984.2 17502.8 18018.5 18531.4 19041.4 19548.4 20052.3 20553 21050.5 21544.7 22035.4 22522.7 23006.4 23486.5 23962.9 24435.5 24904.2 25369 25829.8 26286.6 26739.1 27187.5 27631.5 28071.2 28506.5 28937.2 29363.4 29785 30201.8 30613.9 31021.1 31423.5 31820.8 32213.2 32600.5 32982.6 33359.5 33731.1 34097.5 34458.4 34813.9 35163.9 35508.3 35847.2 36180.3 36507.8 36829.5 37145.4 37455.4 37759.5 38057.6 38349.8 38635.8 38915.8 39189.6 39457.3 39718.7 39973.8 40222.6 40465.1 40701.2 40930.8 41154 41370.7 41580.9 41784.5 41981.5 42171.8 
5e-12 702.453 1404.73 2106.66 2808.08 3508.8 4208.65 4907.47 5605.07 6301.29 6995.96 7688.9 8379.95 9068.92 9755.66 10440 11121.7 11800.8 12476.9 13149.9 13819.7 14486 15148.8 15807.9 16463 17114.1 17761 18403.5 19041.4 19674.7 20303.1 20926.5 21544.7 22157.6 22765 23366.8 23962.9 24553 25137.1 25715 26286.6 26851.6 27410 27961.7 28506.5 29044.2 29574.8 30098 30613.9 31122.2 31622.8 32115.6 32600.5 33077.3 33546 34006.4 34458.4 34901.9 35336.8 35763 36180.3 36588.8 36988.2 37378.4 37759.5 38131.2 38493.6 38846.4 39189.6 39523.2 39847 40161 40465.1 40759.2 41043.2 41317.1 41580.9 41834.3 42077.5 42310.2 42532.5 42744.4 42945.6 43136.3 43316.4 43485.7 43644.3 43792.2 43929.2 44055.4 44170.8 44275.2 44368.7 44451.3 44522.9 44583.5 44633.1 44671.7 44699.3 
6e-12 842.928 1685.56 2527.59 3368.72 4208.65 5047.09 5883.74 6718.29 7550.46 8379.95 9206.46 10029.7 10849.4 11665.2 12476.9 13284.1 14086.6 14884.1 15676.4 16463 17243.8 18018.5 18786.8 19548.4 20303.1 21050.5 21790.5 22522.7 23246.9 23962.9 24670.4 25369 26058.7 26739.1 27410 28071.2 28722.4 29363.4 29994 30613.9 31222.9 31820.8 32407.5 32982.6 33546 34097.5 34636.8 35163.9 35678.5 36180.3 36669.4 37145.4 37608.2 38057.6 38493.6 38915.8 39324.2 39718.7 40099 40465.1 40816.8 41154 41476.6 41784.5 42077.5 42355.5 42618.5 42866.4 43099 43316.4 43518.3 43704.8 43875.7 44031.1 44170.8 44294.8 44403.1 44495.6 44572.3 44633.1 44678.1 44707.2 44720.5 44717.8 44699.3 44664.9 44614.6 44548.4 44466.5 44368.7 44255.2 44125.9 43981 43820.5 43644.3 43452.7 43245.6 43023.2 
7e-12 983.395 1966.31 2948.28 3928.82 4907.47 5883.74 6857.16 7827.27 8793.59 9755.66 10713 11665.2 12611.7 13552.1 14486 15412.9 16332.3 17243.8 18147 19041.4 19926.6 20802.2 21667.7 22522.7 23366.8 24199.7 25020.8 25829.8 26626.4 27410 28180.4 28937.2 29680 30408.4 31122.2 31820.8 32504.1 33171.7 33823.2 34458.4 35076.9 35678.5 36262.7 36829.5 37378.4 37909.3 38421.8 38915.8 39390.9 39847 40283.8 40701.2 41098.8 41476.6 41834.3 42171.8 42488.9 42785.5 43061.3 43316.4 43550.4 43763.5 43955.3 44125.9 44275.2 44403.1 44509.4 44594.3 44657.6 44699.3 44719.4 44717.8 44694.7 44649.9 44583.5 44495.6 44386.1 44255.2 44102.9 43929.2 43734.3 43518.3 43281.2 43023.2 42744.4 42444.9 42124.9 41784.5 41423.9 41043.2 40642.8 40222.6 39783 39324.2 38846.4 38349.8 37834.6 37301.1 
8e-12 1123.85 2246.99 3368.72 4488.31 5605.07 6718.29 7827.27 8931.3 10029.7 11121.7 12206.8 13284.1 14353 15412.9 16463 17502.8 18531.4 19548.4 20553 21544.7 22522.7 23486.5 24435.5 25369 26286.6 27187.5 28071.2 28937.2 29785 30613.9 31423.5 32213.2 32982.6 33731.1 34458.4 35163.9 35847.2 36507.8 37145.4 37759.5 38349.8 38915.8 39457.3 39973.8 40465.1 40930.8 41370.7 41784.5 42171.8 42532.5 42866.4 43173.2 43452.7 43704.8 43929.2 44125.9 44294.8 44435.6 44548.4 44633.1 44689.6 44717.8 44717.8 44689.6 44633.1 44548.4 44435.6 44294.8 44125.9 43929.2 43704.8 43452.7 43173.2 42866.4 42532.5 42171.8 41784.5 41370.7 40930.8 40465.1 39973.8 39457.3 38915.8 38349.8 37759.5 37145.4 36507.8 35847.2 35163.9 34458.4 33731.1 32982.6 32213.2 31423.5 30613.9 29785 28937.2 28071.2 
9e-12 1264.3 2527.59 3788.85 5047.09 6301.29 7550.46 8793.59 10029.7 11257.8 12476.9 13686 14884.1 16070.4 17243.8 18403.5 19548.4 20677.7 21790.5 22885.8 23962.9 25020.8 26058.7 27075.8 28071.2 29044.2 29994 30919.8 31820.8 32696.5 33546 34368.7 35163.9 35931 36669.4 37378.4 38057.6 38706.4 39324.2 39910.6 40465.1 40987.2 41476.6 41932.8 42355.5 42744.4 43099 43419.3 43704.8 43955.3 44170.8 44350.9 44495.6 44604.7 44678.1 44715.8 44717.8 44684.1 44614.6 44509.4 44368.7 44192.5 43981 43734.3 43452.7 43136.3 42785.5 42400.4 41981.5 41528.9 41043.2 40524.7 39973.8 39390.9 38776.6 38131.2 37455.4 36749.6 36014.5 35250.5 34458.4 33638.7 32792.2 31919.4 31021.1 30098 29150.9 28180.4 27187.5 26172.8 25137.1 24081.4 23006.4 21913.1 20802.2 19674.7 18531.4 17373.4 16201.4 
1e-11 1404.73 2808.08 4208.65 5605.07 6995.96 8379.95 9755.66 11121.7 12476.9 13819.7 15148.8 16463 17761 19041.4 20303.1 21544.7 22765 23962.9 25137.1 26286.6 27410 28506.5 29574.8 30613.9 31622.8 32600.5 33546 34458.4 35336.8 36180.3 36988.2 37759.5 38493.6 39189.6 39847 40465.1 41043.2 41580.9 42077.5 42532.5 42945.6 43316.4 43644.3 43929.2 44170.8 44368.7 44522.9 44633.1 44699.3 44721.4 44699.3 44633.1 44522.9 44368.7 44170.8 43929.2 43644.3 43316.4 42945.6 42532.5 42077.5 41580.9 41043.2 40465.1 39847 39189.6 38493.6 37759.5 36988.2 36180.3 35336.8 34458.4 33546 32600.5 31622.8 30613.9 29574.8 28506.5 27410 26286.6 25137.1 23962.9 22765 21544.7 20303.1 19041.4 17761 16463 15148.8 13819.7 12476.9 11121.7 9755.66 8379.95 6995.96 5605.07 4208.65 2808.08 
1.1e-11 1545.15 3088.46 4628.08 6162.17 7688.9 9206.46 10713 12206.8 13686 15148.8 16593.6 18018.5 19422 20802.2 22157.6 23486.5 24787.4 26058.7 27298.9 28506.5 29680 30818.1 31919.4 32982.6 34006.4 34989.6 35931 36829.5 37684 38493.6 39257.1 39973.8 40642.8 41263.2 41834.3 42355.5 42826.1 43245.6 43613.5 43929.2 44192.5 44403.1 44560.6 44664.9 44715.8 44713.4 44657.6 44548.4 44386.1 44170.8 43902.7 43582.2 43209.6 42785.5 42310.2 41784.5 41208.8 40583.9 39910.6 39189.6 38421.8 37608.2 36749.6 35847.2 34901.9 33915 32887.5 31820.8 30716.1 29574.8 28398.1 27187.5 25944.4 24670.4 23366.8 22035.4 20677.7 19295.3 17889.8 16463 15016.6 13552.1 12071.6 10576.6 9068.92 7550.46 6022.98 4488.31 2948.28 1404.73 -140.496 -1685.56 -3228.6 -4767.8 -6301.29 -7827.27 -9343.9 -10849.4 
1.2e-11 1685.56 3368.72 5047.09 6718.29 8379.95 10029.7 11665.2 13284.1 14884.1 16463 18018.5 19548.4 21050.5 22522.7 23962.9 25369 26739.1 28071.2 29363.4 30613.9 31820.8 32982.6 34097.5 35163.9 36180.3 37145.4 38057.6 38915.8 39718.7 40465.1 41154 41784.5 42355.5 42866.4 43316.4 43704.8 44031.1 44294.8 44495.6 44633.1 44707.2 44717.8 44664.9 44548.4 44368.7 44125.9 43820.5 43452.7 43023.2 42532.5 41981.5 41370.7 40701.2 39973.8 39189.6 38349.8 37455.4 36507.8 35508.3 34458.4 33359.5 32213.2 31021.1 29785 28506.5 27187.5 25829.8 24435.5 23006.4 21544.7 20052.3 18531.4 16984.2 15412.9 13819.7 12206.8 10576.6 8931.3 7273.36 5605.07 3928.82 2246.99 561.97 -1123.85 -2808.08 -4488.31 -6162.17 -7827.27 -9481.25 -11121.7 -12746.4 -14353 -15939.2 -17502.8 -19041.4 -20553 -22035.4 -23486.5 
1.3e-11 1825.94 3648.84 5465.66 7273.36 9068.92 10849.4 12611.7 14353 16070.4 17761 19422 21050.5 22644 24199.7 25715 27187.5 28614.6 29994 31323.3 32600.5 33823.2 34989.6 36097.6 37145.4 38131.2 39053.5 39910.6 40701.2 41423.9 42077.5 42660.9 43173.2 43613.5 43981 44275.2 44495.6 44641.7 44713.4 44710.5 44633.1 44481.2 44255.2 43955.3 43582.2 43136.3 42618.5 42029.7 41370.7 40642.8 39847 38984.8 38057.6 37067 36014.5 34901.9 33731.1 32504.1 31222.9 29889.6 28506.5 27075.8 25599.9 24081.4 22522.7 20926.5 19295.3 17632 15939.2 14219.9 12476.9 10713 8931.3 7134.69 5326.19 3508.8 1685.56 -140.496 -1966.31 -3788.85 -5605.07 -7411.94 -9206.46 -10985.6 -12746.4 -14486 -16201.4 -17889.8 -19548.4 -21174.4 -22765 -24317.7 -25829.8 -27298.9 -28722.4 -30098 -31423.5 -32696.5 -33915 
1.4e-11 1966.31 3928.82 5883.74 7827.27 9755.66 11665.2 13552.1 15412.9 17243.8 19041.4 20802.2 22522.7 24199.7 25829.8 27410 28937.2 30408.4 31820.8 33171.7 34458.4 35678.5 36829.5 37909.3 38915.8 39847 40701.2 41476.6 42171.8 42785.5 43316.4 43763.5 44125.9 44403.1 44594.3 44699.3 44717.8 44649.9 44495.6 44255.2 43929.2 43518.3 43023.2 42444.9 41784.5 41043.2 40222.6 39324.2 38349.8 37301.1 36180.3 34989.6 33731.1 32407.5 31021.1 29574.8 28071.2 26513.4 24904.2 23246.9 21544.7 19800.8 18018.5 16201.4 14353 12476.9 10576.6 8655.8 6718.29 4767.8 2808.08 842.928 -1123.85 -3088.46 -5047.09 -6995.96 -8931.3 -10849.4 -12746.4 -14618.9 -16463 -18275.3 -20052.3 -21790.5 -23486.5 -25137.1 -26739.1 -28289.4 -29785 -31222.9 -32600.5 -33915 -35163.9 -36344.8 -37455.4 -38493.6 -39457.3 -40344.7 -41154 
1.5e-11 2106.66 4208.65 6301.29 8379.95 10440 12476.9 14486 16463 18403.5 20303.1 22157.6 23962.9 25715 27410 29044.2 30613.9 32115.6 33546 34901.9 36180.3 37378.4 38493.6 39523.2 40465.1 41317.1 42077.5 42744.4 43316.4 43792.2 44170.8 44451.3 44633.1 44715.8 44699.3 44583.5 44368.7 44055.4 43644.3 43136.3 42532.5 41834.3 41043.2 40161 39189.6 38131.2 36988.2 35763 34458.4 33077.3 31622.8 30098 28506.5 26851.6 25137.1 23366.8 21544.7 19674.7 17761 15807.9 13819.7 11800.8 9755.66 7688.9 5605.07 3508.8 1404.73 -702.453 -2808.08 -4907.47 -6995.96 -9068.92 -11121.7 -13149.9 -15148.8 -17114.1 -19041.4 -20926.5 -22765 -24553 -26286.6 -27961.7 -29574.8 -31122.2 -32600.5 -34006.4 -35336.8 -36588.8 -37759.5 -38846.4 -39847 -40759.2 -41580.9 -42310.2 -42945.6 -43485.7 -43929.2 -44275.2 -44522.9 
1.6e-11 2246.99 4488.31 6718.29 8931.3 11121.7 13284.1 15412.9 17502.8 19548.4 21544.7 23486.5 25369 27187.5 28937.2 30613.9 32213.2 33731.1 35163.9 36507.8 37759.5 38915.8 39973.8 40930.8 41784.5 42532.5 43173.2 43704.8 44125.9 44435.6 44633.1 44717.8 44689.6 44548.4 44294.8 43929.2 43452.7 42866.4 42171.8 41370.7 40465.1 39457.3 38349.8 37145.4 35847.2 34458.4 32982.6 31423.5 29785 28071.2 26286.6 24435.5 22522.7 20553 18531.4 16463 14353 12206.8 10029.7 7827.27 5605.07 3368.72 1123.85 -1123.85 -3368.72 -5605.07 -7827.27 -10029.7 -12206.8 -14353 -16463 -18531.4 -20553 -22522.7 -24435.5 -26286.6 -28071.2 -29785 -31423.5 -32982.6 -34458.4 -35847.2 -37145.4 -38349.8 -39457.3 -40465.1 -41370.7 -42171.8 -42866.4 -43452.7 -43929.2 -44294.8 -44548.4 -44689.6 -44717.8 -44633.1 -44435.6 -44125.9 -43704.8 
1.7e-11 2387.3 4767.8 7134.69 9481.25 11800.8 14086.6 16332.3 18531.4 20677.7 22765 24787.4 26739.1 28614.6 30408.4 32115.6 33731.1 35250.5 36669.4 37983.7 39189.6 40283.8 41263.2 42124.9 42866.4 43485.7 43981 44350.9 44594.3 44710.5 44699.3 44560.6 44294.8 43902.7 43385.4 42744.4 41981.5 41098.8 40099 38984.8 37759.5 36426.5 34989.6 33452.9 31820.8 30098 28289.4 26400.1 24435.5 22401.2 20303.1 18147 15939.2 13686 11393.7 9068.92 6718.29 4348.5 1966.31 -421.483 -2808.08 -5186.66 -7550.46 -9892.73 -12206.8 -14486 -16724 -18914.2 -21050.5 -23126.8 -25137.1 -27075.8 -28937.2 -30716.1 -32407.5 -34006.4 -35508.3 -36909 -38204.4 -39390.9 -40465.1 -41423.9 -42264.5 -42984.6 -43582.2 -44055.4 -44403.1 -44624.1 -44717.8 -44684.1 -44522.9 -44234.7 -43820.5 -43281.2 -42618.5 -41834.3 -40930.8 -39910.6 -38776.6 
1.8e-11 2527.59 5047.09 7550.46 10029.7 12476.9 14884.1 17243.8 19548.4 21790.5 23962.9 26058.7 28071.2 29994 31820.8 33546 35163.9 36669.4 38057.6 39324.2 40465.1 41476.6 42355.5 43099 43704.8 44170.8 44495.6 44678.1 44717.8 44614.6 44368.7 43981 43452.7 42785.5 41981.5 41043.2 39973.8 38776.6 37455.4 36014.5 34458.4 32792.2 31021.1 29150.9 27187.5 25137.1 23006.4 20802.2 18531.4 16201.4 13819.7 11393.7 8931.3 6440.36 3928.82 1404.73 -1123.85 -3648.84 -6162.17 -8655.8 -11121.7 -13552.1 -15939.2 -18275.3 -20553 -22765 -24904.2 -26963.8 -28937.2 -30818.1 -32600.5 -34278.6 -35847.2 -37301.1 -38635.8 -39847 -40930.8 -41883.8 -42702.8 -43385.4 -43929.2 -44332.6 -44594.3 -44713.4 -44689.6 -44522.9 -44213.9 -43763.5 -43173.2 -42444.9 -41580.9 -40583.9 -39457.3 -38204.4 -36829.5 -35336.8 -33731.1 -32017.7 -30201.8 
1.9e-11 2667.84 5326.19 7965.56 10576.6 13149.9 15676.4 18147 20553 22885.8 25137.1 27298.9 29363.4 31323.3 33171.7 34901.9 36507.8 37983.7 39324.2 40524.7 41580.9 42488.9 43245.6 43848.3 44294.8 44583.5 44713.4 44684.1 44495.6 44148.6 43644.3 42984.6 42171.8 41208.8 40099 38846.4 37455.4 35931 34278.6 32504.1 30613.9 28614.6 26513.4 24317.7 22035.4 19674.7 17243.8 14751.6 12206.8 9618.5 6995.96 4348.5 1685.56 -983.395 -3648.84 -6301.29 -8931.3 -11529.5 -14086.6 -16593.6 -19041.4 -21421.5 -23725.2 -25944.4 -28071.2 -30098 -32017.7 -33823.2 -35508.3 -37067 -38493.6 -39783 -40930.8 -41932.8 -42785.5 -43485.7 -44031.1 -44419.6 -44649.9 -44721.1 -44633.1 -44386.1 -43981 -43419.3 -42702.8 -41834.3 -40816.8 -39653.9 -38349.8 -36909 -35336.8 -33638.7 -31820.8 -29889.6 -27851.9 -25715 -23486.5 -21174.4 -18786.8 
2e-11 2808.08 5605.07 8379.95 11121.7 13819.7 16463 19041.4 21544.7 23962.9 26286.6 28506.5 30613.9 32600.5 34458.4 36180.3 37759.5 39189.6 40465.1 41580.9 42532.5 43316.4 43929.2 44368.7 44633.1 44721.4 44633.1 44368.7 43929.2 43316.4 42532.5 41580.9 40465.1 39189.6 37759.5 36180.3 34458.4 32600.5 30613.9 28506.5 26286.6 23962.9 21544.7 19041.4 16463 13819.7 11121.7 8379.95 5605.07 2808.08 -2.65838e-09 -2808.08 -5605.07 -8379.95 -11121.7 -13819.7 -16463 -19041.4 -21544.7 -23962.9 -26286.6 -28506.5 -30613.9 -32600.5 -34458.4 -36180.3 -37759.5 -39189.6 -40465.1 -41580.9 -42532.5 -43316.4 -43929.2 -44368.7 -44633.1 -44721.4 -44633.1 -44368.7 -43929.2 -43316.4 -42532.5 -41580.9 -40465.1 -39189.6 -37759.5 -36180.3 -34458.4 -32600.5 -30613.9 -28506.5 -26286.6 -23962.9 -21544.7 -19041.4 -16463 -13819.7 -11121.7 -8379.95 -5605.07 
2.1e-11 2948.28 5883.74 8793.59 11665.2 14486 17243.8 19926.6 22522.7 25020.8 27410 29680 31820.8 33823.2 35678.5 37378.4 38915.8 40283.8 41476.6 42488.9 43316.4 43955.3 44403.1 44657.6 44717.8 44583.5 44255.2 43734.3 43023.2 42124.9 41043.2 39783 38349.8 36749.6 34989.6 33077.3 31021.1 28830 26513.4 24081.4 21544.7 18914.2 16201.4 13418.2 10576.6 7688.9 4767.8 1825.94 -1123.85 -4068.76 -6995.96 -9892.73 -12746.4 -15544.7 -18275.3 -20926.5 -23486.5 -25944.4 -28289.4 -30511.3 -32600.5 -34547.8 -36344.8 -37983.7 -39457.3 -40759.2 -41883.8 -42826.1 -43582.2 -44148.6 -44522.9 -44703.5 -44689.6 -44481.2 -44079.4 -43485.7 -42702.8 -41734.2 -40583.9 -39257.1 -37759.5 -36097.6 -34278.6 -32310.5 -30201.8 -27961.7 -25599.9 -23126.8 -20553 -17889.8 -15148.8 -12341.9 -9481.25 -6579.36 -3648.84 -702.453 2246.99 5186.66 8103.77 
2.2e-11 3088.46 6162.17 9206.46 12206.8 15148.8 18018.5 20802.2 23486.5 26058.7 28506.5 30818.1 32982.6 34989.6 36829.5 38493.6 39973.8 41263.2 42355.5 43245.6 43929.2 44403.1 44664.9 44713.4 44548.4 44170.8 43582.2 42785.5 41784.5 40583.9 39189.6 37608.2 35847.2 33915 31820.8 29574.8 27187.5 24670.4 22035.4 19295.3 16463 13552.1 10576.6 7550.46 4488.31 1404.73 -1685.56 -4767.8 -7827.27 -10849.4 -13819.7 -16724 -19548.4 -22279.5 -24904.2 -27410 -29785 -32017.7 -34097.5 -36014.5 -37759.5 -39324.2 -40701.2 -41883.8 -42866.4 -43644.3 -44213.9 -44572.3 -44717.8 -44649.9 -44368.7 -43875.7 -43173.2 -42264.5 -41154 -39847 -38349.8 -36669.4 -34813.9 -32792.2 -30613.9 -28289.4 -25829.8 -23246.9 -20553 -17761 -14884.1 -11936.2 -8931.3 -5883.74 -2808.08 280.991 3368.72 6440.36 9481.25 12476.9 15412.9 18275.3 21050.5 
2.3e-11 3228.6 6440.36 9618.5 12746.4 15807.9 18786.8 21667.7 24435.5 27075.8 29574.8 31919.4 34097.5 36097.6 37909.3 39523.2 40930.8 42124.9 43099 43848.3 44368.7 44657.6 44713.4 44535.9 44125.9 43485.7 42618.5 41528.9 40222.6 38706.4 36988.2 35076.9 32982.6 30716.1 28289.4 25715 23006.4 20177.8 17243.8 14219.9 11121.7 7965.56 4767.8 1545.15 -1685.56 -4907.47 -8103.77 -11257.8 -14353 -17373.4 -20303.1 -23126.8 -25829.8 -28398.1 -30818.1 -33077.3 -35163.9 -37067 -38776.6 -40283.8 -41580.9 -42660.9 -43518.3 -44148.6 -44548.4 -44715.8 -44649.9 -44350.9 -43820.5 -43061.3 -42077.5 -40874 -39457.3 -37834.6 -36014.5 -34006.4 -31820.8 -29469.2 -26963.8 -24317.7 -21544.7 -18659.2 -15676.4 -12611.7 -9481.25 -6301.29 -3088.46 140.496 3368.72 6579.36 9755.66 12881.1 15939.2 18914.2 21790.5 24553 27187.5 29680 32017.7 
2.4e-11 3368.72 6718.29 10029.7 13284.1 16463 19548.4 22522.7 25369 28071.2 30613.9 32982.6 35163.9 37145.4 38915.8 40465.1 41784.5 42866.4 43704.8 44294.8 44633.1 44717.8 44548.4 44125.9 43452.7 42532.5 41370.7 39973.8 38349.8 36507.8 34458.4 32213.2 29785 27187.5 24435.5 21544.7 18531.4 15412.9 12206.8 8931.3 5605.07 2246.99 -1123.85 -4488.31 -7827.27 -11121.7 -14353 -17502.8 -20553 -23486.5 -26286.6 -28937.2 -31423.5 -33731.1 -35847.2 -37759.5 -39457.3 -40930.8 -42171.8 -43173.2 -43929.2 -44435.6 -44689.6 -44689.6 -44435.6 -43929.2 -43173.2 -42171.8 -40930.8 -39457.3 -37759.5 -35847.2 -33731.1 -31423.5 -28937.2 -26286.6 -23486.5 -20553 -17502.8 -14353 -11121.7 -7827.27 -4488.31 -1123.85 2246.99 5605.07 8931.3 12206.8 15412.9 18531.4 21544.7 24435.5 27187.5 29785 32213.2 34458.4 36507.8 38349.8 39973.8 
2.5e-11 3508.8 6995.96 10440 13819.7 17114.1 20303.1 23366.8 26286.6 29044.2 31622.8 34006.4 36180.3 38131.2 39847 41317.1 42532.5 43485.7 44170.8 44583.5 44721.4 44583.5 44170.8 43485.7 42532.5 41317.1 39847 38131.2 36180.3 34006.4 31622.8 29044.2 26286.6 23366.8 20303.1 17114.1 13819.7 10440 6995.96 3508.8 4.45406e-09 -3508.8 -6995.96 -10440 -13819.7 -17114.1 -20303.1 -23366.8 -26286.6 -29044.2 -31622.8 -34006.4 -36180.3 -38131.2 -39847 -41317.1 -42532.5 -43485.7 -44170.8 -44583.5 -44721.4 -44583.5 -44170.8 -43485.7 -42532.5 -41317.1 -39847 -38131.2 -36180.3 -34006.4 -31622.8 -29044.2 -26286.6 -23366.8 -20303.1 -17114.1 -13819.7 -10440 -6995.96 -3508.8 -4.41168e-09 3508.8 6995.96 10440 13819.7 17114.1 20303.1 23366.8 26286.6 29044.2 31622.8 34006.4 36180.3 38131.2 39847 41317.1 42532.5 43485.7 44170.8 
2.6e-11 3648.84 7273.36 10849.4 14353 17761 21050.5 24199.7 27187.5 29994 32600.5 34989.6 37145.4 39053.5 40701.2 42077.5 43173.2 43981 44495.6 44713.4 44633.1 44255.2 43582.2 42618.5 41370.7 39847 38057.6 36014.5 33731.1 31222.9 28506.5 25599.9 22522.7 19295.3 15939.2 12476.9 8931.3 5326.19 1685.56 -1966.31 -5605.07 -9206.46 -12746.4 -16201.4 -19548.4 -22765 -25829.8 -28722.4 -31423.5 -33915 -36180.3 -38204.4 -39973.8 -41476.6 -42702.8 -43644.3 -44294.8 -44649.9 -44707.2 -44466.5 -43929.2 -43099 -41981.5 -40583.9 -38915.8 -36988.2 -34813.9 -32407.5 -29785 -26963.8 -23962.9 -20802.2 -17502.8 -14086.6 -10576.6 -6995.96 -3368.72 280.991 3928.82 7550.46 11121.7 14618.9 18018.5 21298 24435.5 27410 30201.8 32792.2 35163.9 37301.1 39189.6 40816.8 42171.8 43245.6 44031.1 44522.9 44717.8 44614.6 44213.9 
2.7e-11 3788.85 7550.46 11257.8 14884.1 18403.5 21790.5 25020.8 28071.2 30919.8 33546 35931 38057.6 39910.6 41476.6 42744.4 43704.8 44350.9 44678.1 44684.1 44368.7 43734.3 42785.5 41528.9 39973.8 38131.2 36014.5 33638.7 31021.1 28180.4 25137.1 21913.1 18531.4 15016.6 11393.7 7688.9 3928.82 140.496 -3648.84 -7411.94 -11121.7 -14751.6 -18275.3 -21667.7 -24904.2 -27961.7 -30818.1 -33452.9 -35847.2 -37983.7 -39847 -41423.9 -42702.8 -43674.8 -44332.6 -44671.7 -44689.6 -44386.1 -43763.5 -42826.1 -41580.9 -40036.6 -38204.4 -36097.6 -33731.1 -31122.2 -28289.4 -25253.2 -22035.4 -18659.2 -15148.8 -11529.5 -7827.27 -4068.76 -280.991 3508.8 7273.36 10985.6 14618.9 18147 21544.7 24787.4 27851.9 30716.1 33359.5 35763 37909.3 39783 41370.7 42660.9 43644.3 44313.9 44664.9 44694.7 44403.1 43792.2 42866.4 41632.4 40099 
2.8e-11 3928.82 7827.27 11665.2 15412.9 19041.4 22522.7 25829.8 28937.2 31820.8 34458.4 36829.5 38915.8 40701.2 42171.8 43316.4 44125.9 44594.3 44717.8 44495.6 43929.2 43023.2 41784.5 40222.6 38349.8 36180.3 33731.1 31021.1 28071.2 24904.2 21544.7 18018.5 14353 10576.6 6718.29 2808.08 -1123.85 -5047.09 -8931.3 -12746.4 -16463 -20052.3 -23486.5 -26739.1 -29785 -32600.5 -35163.9 -37455.4 -39457.3 -41154 -42532.5 -43582.2 -44294.8 -44664.9 -44689.6 -44368.7 -43704.8 -42702.8 -41370.7 -39718.7 -37759.5 -35508.3 -32982.6 -30201.8 -27187.5 -23962.9 -20553 -16984.2 -13284.1 -9481.25 -5605.07 -1685.56 2246.99 6162.17 10029.7 13819.7 17502.8 21050.5 24435.5 27631.5 30613.9 33359.5 35847.2 38057.6 39973.8 41580.9 42866.4 43820.5 44435.6 44707.2 44633.1 44213.9 43452.7 42355.5 40930.8 39189.6 37145.4 34813.9 32213.2 
2.9e-11 4068.76 8103.77 12071.6 15939.2 19674.7 23246.9 26626.4 29785 32696.5 35336.8 37684 39718.7 41423.9 42785.5 43792.2 44435.6 44710.5 44614.6 44148.6 43316.4 42124.9 40583.9 38706.4 36507.8 34006.4 31222.9 28180.4 24904.2 21421.5 17761 13953.2 10029.7 6022.98 1966.31 -2106.66 -6162.17 -10166.6 -14086.6 -17889.8 -21544.7 -25020.8 -28289.4 -31323.3 -34097.5 -36588.8 -38776.6 -40642.8 -42171.8 -43351.1 -44170.8 -44624.1 -44707.2 -44419.6 -43763.5 -42744.4 -41370.7 -39653.9 -37608.2 -35250.5 -32600.5 -29680 -26513.4 -23126.8 -19548.4 -15807.9 -11936.2 -7965.56 -3928.82 140.496 4208.65 8241.9 12206.8 16070.4 19800.8 23366.8 26739.1 29889.6 32792.2 35422.7 37759.5 39783 41476.6 42826.1 43820.5 44451.3 44713.4 44604.7 44125.9 43281.2 42077.5 40524.7 38635.8 36426.5 33915 31122.2 28071.2 24787.4 21298 
3e-11 4208.65 8379.95 12476.9 16463 20303.1 23962.9 27410 30613.9 33546 36180.3 38493.6 40465.1 42077.5 43316.4 44170.8 44633.1 44699.3 44368.7 43644.3 42532.5 41043.2 39189.6 36988.2 34458.4 31622.8 28506.5 25137.1 21544.7 17761 13819.7 9755.66 5605.07 1404.73 -2808.08 -6995.96 -11121.7 -15148.8 -19041.4 -22765 -26286.6 -29574.8 -32600.5 -35336.8 -37759.5 -39847 -41580.9 -42945.6 -43929.2 -44522.9 -44721.4 -44522.9 -43929.2 -42945.6 -41580.9 -39847 -37759.5 -35336.8 -32600.5 -29574.8 -26286.6 -22765 -19041.4 -15148.8 -11121.7 -6995.96 -2808.08 1404.73 5605.07 9755.66 13819.7 17761 21544.7 25137.1 28506.5 31622.8 34458.4 36988.2 39189.6 41043.2 42532.5 43644.3 44368.7 44699.3 44633.1 44170.8 43316.4 42077.5 40465.1 38493.6 36180.3 33546 30613.9 27410 23962.9 20303.1 16463 12476.9 8379.95 
3.1e-11 4348.5 8655.8 12881.1 16984.2 20926.5 24670.4 28180.4 31423.5 34368.7 36988.2 39257.1 41154 42660.9 43763.5 44451.3 44717.8 44560.6 43981 42984.6 41580.9 39783 37608.2 35076.9 32213.2 29044.2 25599.9 21913.1 18018.5 13953.2 9755.66 5465.66 1123.85 -3228.6 -7550.46 -11800.8 -15939.2 -19926.6 -23725.2 -27298.9 -30613.9 -33638.7 -36344.8 -38706.4 -40701.2 -42310.2 -43518.3 -44313.9 -44689.6 -44641.7 -44170.8 -43281.2 -41981.5 -40283.8 -38204.4 -35763 -32982.6 -29889.6 -26513.4 -22885.8 -19041.4 -15016.6 -10849.4 -6579.36 -2246.99 2106.66 6440.36 10713 14884.1 18914.2 22765 26400.1 29785 32887.5 35678.5 38131.2 40222.6 41932.8 43245.6 44148.6 44633.1 44694.7 44332.6 43550.4 42355.5 40759.2 38776.6 36426.5 33731.1 30716.1 27410 23844.2 20052.3 16070.4 11936.2 7688.9 3368.72 -983.395 -5326.19 
3.2e-11 4488.31 8931.3 13284.1 17502.8 21544.7 25369 28937.2 32213.2 35163.9 37759.5 39973.8 41784.5 43173.2 44125.9 44633.1 44689.6 44294.8 43452.7 42171.8 40465.1 38349.8 35847.2 32982.6 29785 26286.6 22522.7 18531.4 14353 10029.7 5605.07 1123.85 -3368.72 -7827.27 -12206.8 -16463 -20553 -24435.5 -28071.2 -31423.5 -34458.4 -37145.4 -39457.3 -41370.7 -42866.4 -43929.2 -44548.4 -44717.8 -44435.6 -43704.8 -42532.5 -40930.8 -38915.8 -36507.8 -33731.1 -30613.9 -27187.5 -23486.5 -19548.4 -15412.9 -11121.7 -6718.29 -2246.99 2246.99 6718.29 11121.7 15412.9 19548.4 23486.5 27187.5 30613.9 33731.1 36507.8 38915.8 40930.8 42532.5 43704.8 44435.6 44717.8 44548.4 43929.2 42866.4 41370.7 39457.3 37145.4 34458.4 31423.5 28071.2 24435.5 20553 16463 12206.8 7827.27 3368.72 -1123.85 -5605.07 -10029.7 -14353 -18531.4 
3.3e-11 4628.08 9206.46 13686 18018.5 22157.6 26058.7 29680 32982.6 35931 38493.6 40642.8 42355.5 43613.5 44403.1 44715.8 44548.4 43902.7 42785.5 41208.8 39189.6 36749.6 33915 30716.1 27187.5 23366.8 19295.3 15016.6 10576.6 6022.98 1404.73 -3228.6 -7827.27 -12341.9 -16724 -20926.5 -24904.2 -28614.6 -32017.7 -35076.9 -37759.5 -40036.6 -41883.8 -43281.2 -44213.9 -44671.7 -44649.9 -44148.6 -43173.2 -41734.2 -39847 -37532 -34813.9 -31722 -28289.4 -24553 -20553 -16332.3 -11936.2 -7411.94 -2808.08 1825.94 6440.36 10985.6 15412.9 19674.7 23725.2 27520.9 31021.1 34188.2 36988.2 39390.9 41370.7 42906.2 43981 44583.5 44707.2 44350.9 43518.3 42218.4 40465.1 38277.3 35678.5 32696.5 29363.4 25715 21790.5 17632 13284.1 8793.59 4208.65 -421.483 -5047.09 -9618.5 -14086.6 -18403.5 -22522.7 -26400.1 -29994 
3.4e-11 4767.8 9481.25 14086.6 18531.4 22765 26739.1 30408.4 33731.1 36669.4 39189.6 41263.2 42866.4 43981 44594.3 44699.3 44294.8 43385.4 41981.5 40099 37759.5 34989.6 31820.8 28289.4 24435.5 20303.1 15939.2 11393.7 6718.29 1966.31 -2808.08 -7550.46 -12206.8 -16724 -21050.5 -25137.1 -28937.2 -32407.5 -35508.3 -38204.4 -40465.1 -42264.5 -43582.2 -44403.1 -44717.8 -44522.9 -43820.5 -42618.5 -40930.8 -38776.6 -36180.3 -33171.7 -29785 -26058.7 -22035.4 -17761 -13284.1 -8655.8 -3928.82 842.928 5605.07 10303.3 14884.1 19295.3 23486.5 27410 31021.1 34278.6 37145.4 39588.7 41580.9 43099 44125.9 44649.9 44664.9 44170.8 43173.2 41683.5 39718.7 37301.1 34458.4 31222.9 27631.5 23725.2 19548.4 15148.8 10576.6 5883.74 1123.85 -3648.84 -8379.95 -13015.5 -17502.8 -21790.5 -25829.8 -29574.8 -32982.6 -36014.5 -38635.8 
3.5e-11 4907.47 9755.66 14486 19041.4 23366.8 27410 31122.2 34458.4 37378.4 39847 41834.3 43316.4 44275.2 44699.3 44583.5 43929.2 42744.4 41043.2 38846.4 36180.3 33077.3 29574.8 25715 21544.7 17114.1 12476.9 7688.9 2808.08 -2106.66 -6995.96 -11800.8 -16463 -20926.5 -25137.1 -29044.2 -32600.5 -35763 -38493.6 -40759.2 -42532.5 -43792.2 -44522.9 -44715.8 -44368.7 -43485.7 -42077.5 -40161 -37759.5 -34901.9 -31622.8 -27961.7 -23962.9 -19674.7 -15148.8 -10440 -5605.07 -702.453 4208.65 9068.92 13819.7 18403.5 22765 26851.6 30613.9 34006.4 36988.2 39523.2 41580.9 43136.3 44170.8 44671.7 44633.1 44055.4 42945.6 41317.1 39189.6 36588.8 33546 30098 26286.6 22157.6 17761 13149.9 8379.95 3508.8 -1404.73 -6301.29 -11121.7 -15807.9 -20303.1 -24553 -28506.5 -32115.6 -35336.8 -38131.2 -40465.1 -42310.2 -43644.3 
3.6e-11 5047.09 10029.7 14884.1 19548.4 23962.9 28071.2 31820.8 35163.9 38057.6 40465.1 42355.5 43704.8 44495.6 44717.8 44368.7 43452.7 41981.5 39973.8 37455.4 34458.4 31021.1 27187.5 23006.4 18531.4 13819.7 8931.3 3928.82 -1123.85 -6162.17 -11121.7 -15939.2 -20553 -24904.2 -28937.2 -32600.5 -35847.2 -38635.8 -40930.8 -42702.8 -43929.2 -44594.3 -44689.6 -44213.9 -43173.2 -41580.9 -39457.3 -36829.5 -33731.1 -30201.8 -26286.6 -22035.4 -17502.8 -12746.4 -7827.27 -2808.08 2246.99 7273.36 12206.8 16984.2 21544.7 25829.8 29785 33359.5 36507.8 39189.6 41370.7 43023.2 44125.9 44664.9 44633.1 44031.1 42866.4 41154 38915.8 36180.3 32982.6 29363.4 25369 21050.5 16463 11665.2 6718.29 1685.56 -3368.72 -8379.95 -13284.1 -18018.5 -22522.7 -26739.1 -30613.9 -34097.5 -37145.4 -39718.7 -41784.5 -43316.4 -44294.8 -44707.2 -44548.4 
3.7e-11 5186.66 10303.3 15280.9 20052.3 24553 28722.4 32504.1 35847.2 38706.4 41043.2 42826.1 44031.1 44641.7 44649.9 44055.4 42866.4 41098.8 38776.6 35931 32600.5 28830 24670.4 20177.8 15412.9 10440 5326.19 140.496 -5047.09 -10166.6 -15148.8 -19926.6 -24435.5 -28614.6 -32407.5 -35763 -38635.8 -40987.2 -42785.5 -44006.2 -44633.1 -44657.6 -44079.4 -42906.2 -41154 -38846.4 -36014.5 -32696.5 -28937.2 -24787.4 -20303.1 -15544.7 -10576.6 -5465.66 -280.991 4907.47 10029.7 15016.6 19800.8 24317.7 28506.5 32310.5 35678.5 38564.9 40930.8 42744.4 43981 44624.1 44664.9 44102.9 42945.6 41208.8 38915.8 36097.6 32792.2 29044.2 24904.2 20428.2 15676.4 10713 5605.07 421.483 -4767.8 -9892.73 -14884.1 -19674.7 -24199.7 -28398.1 -32213.2 -35593.6 -38493.6 -40874 -42702.8 -43955.3 -44614.6 -44671.7 -44125.9 -42984.6 -41263.2 
3.8e-11 5326.19 10576.6 15676.4 20553 25137.1 29363.4 33171.7 36507.8 39324.2 41580.9 43245.6 44294.8 44713.4 44495.6 43644.3 42171.8 40099 37455.4 34278.6 30613.9 26513.4 22035.4 17243.8 12206.8 6995.96 1685.56 -3648.84 -8931.3 -14086.6 -19041.4 -23725.2 -28071.2 -32017.7 -35508.3 -38493.6 -40930.8 -42785.5 -44031.1 -44649.9 -44633.1 -43981 -42702.8 -40816.8 -38349.8 -35336.8 -31820.8 -27851.9 -23486.5 -18786.8 -13819.7 -8655.8 -3368.72 1966.31 7273.36 12476.9 17502.8 22279.5 26739.1 30818.1 34458.4 37608.2 40222.6 42264.5 43704.8 44522.9 44707.2 44255.2 43173.2 41476.6 39189.6 36344.8 32982.6 29150.9 24904.2 20303.1 15412.9 10303.3 5047.09 -280.991 -5605.07 -10849.4 -15939.2 -20802.2 -25369 -29574.8 -33359.5 -36669.4 -39457.3 -41683.5 -43316.4 -44332.6 -44717.8 -44466.5 -43582.2 -42077.5 -39973.8 -37301.1 -34097.5 
3.9e-11 5465.66 10849.4 16070.4 21050.5 25715 29994 33823.2 37145.4 39910.6 42077.5 43613.5 44495.6 44710.5 44255.2 43136.3 41370.7 38984.8 36014.5 32504.1 28506.5 24081.4 19295.3 14219.9 8931.3 3508.8 -1966.31 -7411.94 -12746.4 -17889.8 -22765 -27298.9 -31423.5 -35076.9 -38204.4 -40759.2 -42702.8 -44006.2 -44649.9 -44624.1 -43929.2 -42575.7 -40583.9 -37983.7 -34813.9 -31122.2 -26963.8 -22401.2 -17502.8 -12341.9 -6995.96 -1545.15 3928.82 9343.9 14618.9 19674.7 24435.5 28830 32792.2 36262.7 39189.6 41528.9 43245.6 44313.9 44717.8 44451.3 43518.3 41932.8 39718.7 36909 33546 29680 25369 20677.7 15676.4 10440 5047.09 -421.483 -5883.74 -11257.8 -16463 -21421.5 -26058.7 -30305.3 -34097.5 -37378.4 -40099 -42218.4 -43704.8 -44535.9 -44699.3 -44192.5 -43023.2 -41208.8 -38776.6 -35763 -32213.2 -28180.4 -23725.2 
4e-11 5605.07 11121.7 16463 21544.7 26286.6 30613.9 34458.4 37759.5 40465.1 42532.5 43929.2 44633.1 44633.1 43929.2 42532.5 40465.1 37759.5 34458.4 30613.9 26286.6 21544.7 16463 11121.7 5605.07 1.45651e-08 -5605.07 -11121.7 -16463 -21544.7 -26286.6 -30613.9 -34458.4 -37759.5 -40465.1 -42532.5 -43929.2 -44633.1 -44633.1 -43929.2 -42532.5 -40465.1 -37759.5 -34458.4 -30613.9 -26286.6 -21544.7 -16463 -11121.7 -5605.07 9.08114e-10 5605.07 11121.7 16463 21544.7 26286.6 30613.9 34458.4 37759.5 40465.1 42532.5 43929.2 44633.1 44633.1 43929.2 42532.5 40465.1 37759.5 34458.4 30613.9 26286.6 21544.7 16463 11121.7 5605.07 4.68989e-09 -5605.07 -11121.7 -16463 -21544.7 -26286.6 -30613.9 -34458.4 -37759.5 -40465.1 -42532.5 -43929.2 -44633.1 -44633.1 -43929.2 -42532.5 -40465.1 -37759.5 -34458.4 -30613.9 -26286.6 -21544.7 -16463 -11121.7 
4.1e-11 5744.43 11393.7 16854.2 22035.4 26851.6 31222.9 35076.9 38349.8 40987.2 42945.6 44192.5 44707.2 44481.2 43518.3 41834.3 39457.3 36426.5 32792.2 28614.6 23962.9 18914.2 13552.1 7965.56 2246.99 -3508.8 -9206.46 -14751.6 -20052.3 -25020.8 -29574.8 -33638.7 -37145.4 -40036.6 -42264.5 -43792.2 -44594.3 -44657.6 -43981 -42575.7 -40465.1 -37684 -34278.6 -30305.3 -25829.8 -20926.5 -15676.4 -10166.6 -4488.31 1264.3 6995.96 12611.7 18018.5 23126.8 27851.9 32115.6 35847.2 38984.8 41476.6 43281.2 44368.7 44721.1 44332.6 43209.6 41370.7 38846.4 35678.5 31919.4 27631.5 22885.8 17761 12341.9 6718.29 983.395 -4767.8 -10440 -15939.2 -21174.4 -26058.7 -30511.3 -34458.4 -37834.6 -40583.9 -42660.9 -44031.1 -44671.7 -44572.3 -43734.3 -42171.8 -39910.6 -36988.2 -33452.9 -29363.4 -24787.4 -19800.8 -14486 -8931.3 -3228.6 2527.59 
4.2e-11 5883.74 11665.2 17243.8 22522.7 27410 31820.8 35678.5 38915.8 41476.6 43316.4 44403.1 44717.8 44255.2 43023.2 41043.2 38349.8 34989.6 31021.1 26513.4 21544.7 16201.4 10576.6 4767.8 -1123.85 -6995.96 -12746.4 -18275.3 -23486.5 -28289.4 -32600.5 -36344.8 -39457.3 -41883.8 -43582.2 -44522.9 -44689.6 -44079.4 -42702.8 -40583.9 -37759.5 -34278.6 -30201.8 -25599.9 -20553 -15148.8 -9481.25 -3648.84 2246.99 8103.77 13819.7 19295.3 24435.5 29150.9 33359.5 36988.2 39973.8 42264.5 43820.5 44614.6 44633.1 43875.7 42355.5 40099 37145.4 33546 29363.4 24670.4 19548.4 14086.6 8379.95 2527.59 -3368.72 -9206.46 -14884.1 -20303.1 -25369 -29994 -34097.5 -37608.2 -40465.1 -42618.5 -44031.1 -44678.1 -44548.4 -43644.3 -41981.5 -39588.7 -36507.8 -32792.2 -28506.5 -23725.2 -18531.4 -13015.5 -7273.36 -1404.73 4488.31 10303.3 15939.2 
4.3e-11 6022.98 11936.2 17632 23006.4 27961.7 32407.5 36262.7 39457.3 41932.8 43644.3 44560.6 44664.9 43955.3 42444.9 40161 37145.4 33452.9 29150.9 24317.7 19041.4 13418.2 7550.46 1545.15 -4488.31 -10440 -16201.4 -21667.7 -26739.1 -31323.3 -35336.8 -38706.4 -41370.7 -43281.2 -44403.1 -44715.8 -44213.9 -42906.2 -40816.8 -37983.7 -34458.4 -30305.3 -25599.9 -20428.2 -14884.1 -9068.92 -3088.46 2948.28 8931.3 14751.6 20303.1 25484.6 30201.8 34368.7 37909.3 40759.2 42866.4 44192.5 44713.4 44419.6 43316.4 41423.9 38776.6 35422.7 31423.5 26851.6 21790.5 16332.3 10576.6 4628.08 -1404.73 -7411.94 -13284.1 -18914.2 -24199.7 -29044.2 -33359.5 -37067 -40099 -42400.4 -43929.2 -44657.6 -44572.3 -43674.8 -41981.5 -39523.2 -36344.8 -32504.1 -28071.2 -23126.8 -17761 -12071.6 -6162.17 -140.496 5883.74 11800.8 17502.8 22885.8 27851.9 
4.4e-11 6162.17 12206.8 18018.5 23486.5 28506.5 32982.6 36829.5 39973.8 42355.5 43929.2 44664.9 44548.4 43582.2 41784.5 39189.6 35847.2 31820.8 27187.5 22035.4 16463 10576.6 4488.31 -1685.56 -7827.27 -13819.7 -19548.4 -24904.2 -29785 -34097.5 -37759.5 -40701.2 -42866.4 -44213.9 -44717.8 -44368.7 -43173.2 -41154 -38349.8 -34813.9 -30613.9 -25829.8 -20553 -14884.1 -8931.3 -2808.08 3368.72 9481.25 15412.9 21050.5 26286.6 31021.1 35163.9 38635.8 41370.7 43316.4 44435.6 44707.2 44125.9 42702.8 40465.1 37455.4 33731.1 29363.4 24435.5 19041.4 13284.1 7273.36 1123.85 -5047.09 -11121.7 -16984.2 -22522.7 -27631.5 -32213.2 -36180.3 -39457.3 -41981.5 -43704.8 -44594.3 -44633.1 -43820.5 -42171.8 -39718.7 -36507.8 -32600.5 -28071.2 -23006.4 -17502.8 -11665.2 -5605.07 561.97 6718.29 12746.4 18531.4 23962.9 28937.2 33359.5 37145.4 
4.5e-11 6301.29 12476.9 18403.5 23962.9 29044.2 33546 37378.4 40465.1 42744.4 44170.8 44715.8 44368.7 43136.3 41043.2 38131.2 34458.4 30098 25137.1 19674.7 13819.7 7688.9 1404.73 -4907.47 -11121.7 -17114.1 -22765 -27961.7 -32600.5 -36588.8 -39847 -42310.2 -43929.2 -44671.7 -44522.9 -43485.7 -41580.9 -38846.4 -35336.8 -31122.2 -26286.6 -20926.5 -15148.8 -9068.92 -2808.08 3508.8 9755.66 15807.9 21544.7 26851.6 31622.8 35763 39189.6 41834.3 43644.3 44583.5 44633.1 43792.2 42077.5 39523.2 36180.3 32115.6 27410 22157.6 16463 10440 4208.65 -2106.66 -8379.95 -14486 -20303.1 -25715 -30613.9 -34901.9 -38493.6 -41317.1 -43316.4 -44451.3 -44699.3 -44055.4 -42532.5 -40161 -36988.2 -33077.3 -28506.5 -23366.8 -17761 -11800.8 -5605.07 702.453 6995.96 13149.9 19041.4 24553 29574.8 34006.4 37759.5 40759.2 42945.6 
4.6e-11 6440.36 12746.4 18786.8 24435.5 29574.8 34097.5 37909.3 40930.8 43099 44368.7 44713.4 44125.9 42618.5 40222.6 36988.2 32982.6 28289.4 23006.4 17243.8 11121.7 4767.8 -1685.56 -8103.77 -14353 -20303.1 -25829.8 -30818.1 -35163.9 -38776.6 -41580.9 -43518.3 -44548.4 -44649.9 -43820.5 -42077.5 -39457.3 -36014.5 -31820.8 -26963.8 -21544.7 -15676.4 -9481.25 -3088.46 3368.72 9755.66 15939.2 21790.5 27187.5 32017.7 36180.3 39588.7 42171.8 43875.7 44664.9 44522.9 43452.7 41476.6 38635.8 34989.6 30613.9 25599.9 20052.3 14086.6 7827.27 1404.73 -5047.09 -11393.7 -17502.8 -23246.9 -28506.5 -33171.7 -37145.4 -40344.7 -42702.8 -44170.8 -44717.8 -44332.6 -43023.2 -40816.8 -37759.5 -33915 -29363.4 -24199.7 -18531.4 -12476.9 -6162.17 280.991 6718.29 13015.5 19041.4 24670.4 29785 34278.6 38057.6 41043.2 43173.2 44403.1 44707.2 
4.7e-11 6579.36 13015.5 19168.5 24904.2 30098 34636.8 38421.8 41370.7 43419.3 44522.9 44657.6 43820.5 42029.7 39324.2 35763 31423.5 26400.1 20802.2 14751.6 8379.95 1825.94 -4767.8 -11257.8 -17502.8 -23366.8 -28722.4 -33452.9 -37455.4 -40642.8 -42945.6 -44313.9 -44717.8 -44148.6 -42618.5 -40161 -36829.5 -32696.5 -27851.9 -22401.2 -16463 -10166.6 -3648.84 2948.28 9481.25 15807.9 21790.5 27298.9 32213.2 36426.5 39847 42400.4 44031.1 44703.5 44403.1 43136.3 40930.8 37834.6 33915 29257.3 23962.9 18147 11936.2 5465.66 -1123.85 -7688.9 -14086.6 -20177.8 -25829.8 -30919.8 -35336.8 -38984.8 -41784.5 -43674.8 -44614.6 -44583.5 -43582.2 -41632.4 -38776.6 -35076.9 -30613.9 -25484.6 -19800.8 -13686 -7273.36 -702.453 5883.74 12341.9 18531.4 24317.7 29574.8 34188.2 38057.6 41098.8 43245.6 44451.3 44689.6 43955.3 42264.5 
4.8e-11 6718.29 13284.1 19548.4 25369 30613.9 35163.9 38915.8 41784.5 43704.8 44633.1 44548.4 43452.7 41370.7 38349.8 34458.4 29785 24435.5 18531.4 12206.8 5605.07 -1123.85 -7827.27 -14353 -20553 -26286.6 -31423.5 -35847.2 -39457.3 -42171.8 -43929.2 -44689.6 -44435.6 -43173.2 -40930.8 -37759.5 -33731.1 -28937.2 -23486.5 -17502.8 -11121.7 -4488.31 2246.99 8931.3 15412.9 21544.7 27187.5 32213.2 36507.8 39973.8 42532.5 44125.9 44717.8 44294.8 42866.4 40465.1 37145.4 32982.6 28071.2 22522.7 16463 10029.7 3368.72 -3368.72 -10029.7 -16463 -22522.7 -28071.2 -32982.6 -37145.4 -40465.1 -42866.4 -44294.8 -44717.8 -44125.9 -42532.5 -39973.8 -36507.8 -32213.2 -27187.5 -21544.7 -15412.9 -8931.3 -2246.99 4488.31 11121.7 17502.8 23486.5 28937.2 33731.1 37759.5 40930.8 43173.2 44435.6 44689.6 43929.2 42171.8 39457.3 35847.2 
4.9e-11 6857.16 13552.1 19926.6 25829.8 31122.2 35678.5 39390.9 42171.8 43955.3 44699.3 44386.1 43023.2 40642.8 37301.1 33077.3 28071.2 22401.2 16201.4 9618.5 2808.08 -4068.76 -10849.4 -17373.4 -23486.5 -29044.2 -33915 -37983.7 -41154 -43351.1 -44522.9 -44641.7 -43704.8 -41734.2 -38776.6 -34901.9 -30201.8 -24787.4 -18786.8 -12341.9 -5605.07 1264.3 8103.77 14751.6 21050.5 26851.6 32017.7 36426.5 39973.8 42575.7 44170.8 44721.1 44213.9 42660.9 40099 36588.8 32213.2 27075.8 21298 15016.6 8379.95 1545.15 -5326.19 -12071.6 -18531.4 -24553 -29994 -34725.5 -38635.8 -41632.4 -43644.3 -44624.1 -44548.4 -43419.3 -41263.2 -38131.2 -34097.5 -29257.3 -23725.2 -17632 -11121.7 -4348.5 2527.59 9343.9 15939.2 22157.6 27851.9 32887.5 37145.4 40524.7 42945.6 44350.9 44707.2 44006.2 42264.5 39523.2 35847.2 31323.3 26058.7 
