0 0 0 0 0 0 0 0 0 0 0 0 0 0 0 0 0 0 0 0 0 0 0 0 0 0 0 0 0 0 0 0 0 0 0 0 0 0 0 0 0 0 0 0 0 0 0 0 0 0 0 0 0 0 0 0 0 0 0 0 0 0 0 0 0 0 0 0 0 0 0 0 0 0 0 0 0 0 0 0 0 0 0 0 0 0 0 0 0 0 0 0 0 0 0 0 0 0 0 
1e-11 1404.73 2808.08 4208.65 5605.07 6995.96 8379.95 9755.66 11121.7 12476.9 13819.7 15148.8 16463 17761 19041.4 20303.1 21544.7 22765 23962.9 25137.1 26286.6 27410 28506.5 29574.8 30613.9 31622.8 32600.5 33546 34458.4 35336.8 36180.3 36988.2 37759.5 38493.6 39189.6 39847 40465.1 41043.2 41580.9 42077.5 42532.5 42945.6 43316.4 43644.3 43929.2 44170.8 44368.7 44522.9 44633.1 44699.3 38729.8 44699.3 44633.1 44522.9 44368.7 44170.8 43929.2 43644.3 43316.4 42945.6 42532.5 42077.5 41580.9 41043.2 40465.1 39847 39189.6 38493.6 37759.5 36988.2 36180.3 35336.8 34458.4 33546 32600.5 31622.8 30613.9 29574.8 28506.5 27410 26286.6 25137.1 23962.9 22765 21544.7 20303.1 19041.4 17761 16463 15148.8 13819.7 12476.9 11121.7 9755.66 8379.95 6995.96 5605.07 4208.65 2808.08 
2e-11 2808.08 5605.07 8379.95 11121.7 13819.7 16463 19041.4 21544.7 23962.9 26286.6 28506.5 30613.9 32600.5 34458.4 36180.3 37759.5 39189.6 40465.1 41580.9 42532.5 43316.4 43929.2 44368.7 44633.1 44721.4 44633.1 44368.7 43929.2 43316.4 42532.5 41580.9 40465.1 39189.6 37759.5 36180.3 34458.4 32600.5 30613.9 28506.5 26286.6 23962.9 21544.7 19041.4 16463 13819.7 11121.7 8379.95 5605.07 2808.08 -9.54534e-11 -2808.08 -5605.07 -8379.95 -11121.7 -13819.7 -16463 -19041.4 -21544.7 -23962.9 -26286.6 -28506.5 -30613.9 -32600.5 -34458.4 -36180.3 -37759.5 -39189.6 -40465.1 -41580.9 -42532.5 -43316.4 -43929.2 -44368.7 -44633.1 -44721.4 -44633.1 -44368.7 -43929.2 -43316.4 -42532.5 -41580.9 -40465.1 -39189.6 -37759.5 -36180.3 -34458.4 -32600.5 -30613.9 -28506.5 -26286.6 -23962.9 -21544.7 -19041.4 -16463 -13819.7 -11121.7 -8379.95 -5605.07 
3e-11 4208.65 8379.95 12476.9 16463 20303.1 23962.9 27410 30613.9 33546 36180.3 38493.6 40465.1 42077.5 43316.4 44170.8 44633.1 44699.3 44368.7 43644.3 42532.5 41043.2 39189.6 36988.2 34458.4 31622.8 28506.5 25137.1 21544.7 17761 13819.7 9755.66 5605.07 1404.73 -2808.08 -6995.96 -11121.7 -15148.8 -19041.4 -22765 -26286.6 -29574.8 -32600.5 -35336.8 -37759.5 -39847 -41580.9 -42945.6 -43929.2 -44522.9 -38729.8 -44522.9 -43929.2 -42945.6 -41580.9 -39847 -37759.5 -35336.8 -32600.5 -29574.8 -26286.6 -22765 -19041.4 -15148.8 -11121.7 -6995.96 -2808.08 1404.73 5605.07 9755.66 13819.7 17761 21544.7 25137.1 28506.5 31622.8 34458.4 36988.2 39189.6 41043.2 42532.5 43644.3 44368.7 44699.3 44633.1 44170.8 43316.4 42077.5 40465.1 38493.6 36180.3 33546 30613.9 27410 23962.9 20303.1 16463 12476.9 8379.95 
4e-11 5605.07 11121.7 16463 21544.7 26286.6 30613.9 34458.4 37759.5 40465.1 42532.5 43929.2 44633.1 44633.1 43929.2 42532.5 40465.1 37759.5 34458.4 30613.9 26286.6 21544.7 16463 11121.7 5605.07 -6.95575e-11 -5605.07 -11121.7 -16463 -21544.7 -26286.6 -30613.9 -34458.4 -37759.5 -40465.1 -42532.5 -43929.2 -44633.1 -44633.1 -43929.2 -42532.5 -40465.1 -37759.5 -34458.4 -30613.9 -26286.6 -21544.7 -16463 -11121.7 -5605.07 1.79775e-10 5605.07 11121.7 16463 21544.7 26286.6 30613.9 34458.4 37759.5 40465.1 42532.5 43929.2 44633.1 44633.1 43929.2 42532.5 40465.1 37759.5 34458.4 30613.9 26286.6 21544.7 16463 11121.7 5605.07 3.80065e-10 -5605.07 -11121.7 -16463 -21544.7 -26286.6 -30613.9 -34458.4 -37759.5 -40465.1 -42532.5 -43929.2 -44633.1 -44633.1 -43929.2 -42532.5 -40465.1 -37759.5 -34458.4 -30613.9 -26286.6 -21544.7 -16463 -11121.7 
5e-11 6995.96 13819.7 20303.1 26286.6 31622.8 36180.3 39847 42532.5 44170.8 44721.4 44170.8 42532.5 39847 36180.3 31622.8 26286.6 20303.1 13819.7 6995.96 -2.07396e-11 -6995.96 -13819.7 -20303.1 -26286.6 -31622.8 -36180.3 -39847 -42532.5 -44170.8 -44721.4 -44170.8 -42532.5 -39847 -36180.3 -31622.8 -26286.6 -20303.1 -13819.7 -6995.96 -6.6094e-13 6995.96 13819.7 20303.1 26286.6 31622.8 36180.3 39847 42532.5 44170.8 38729.8 44170.8 42532.5 39847 36180.3 31622.8 26286.6 20303.1 13819.7 6995.96 -1.62002e-10 -6995.96 -13819.7 -20303.1 -26286.6 -31622.8 -36180.3 -39847 -42532.5 -44170.8 -44721.4 -44170.8 -42532.5 -39847 -36180.3 -31622.8 -26286.6 -20303.1 -13819.7 -6995.96 -1.97272e-10 6995.96 13819.7 20303.1 26286.6 31622.8 36180.3 39847 42532.5 44170.8 44721.4 44170.8 42532.5 39847 36180.3 31622.8 26286.6 20303.1 13819.7 
6e-11 8379.95 16463 23962.9 30613.9 36180.3 40465.1 43316.4 44633.1 44368.7 42532.5 39189.6 34458.4 28506.5 21544.7 13819.7 5605.07 -2808.08 -11121.7 -19041.4 -26286.6 -32600.5 -37759.5 -41580.9 -43929.2 -44721.4 -43929.2 -41580.9 -37759.5 -32600.5 -26286.6 -19041.4 -11121.7 -2808.08 5605.07 13819.7 21544.7 28506.5 34458.4 39189.6 42532.5 44368.7 44633.1 43316.4 40465.1 36180.3 30613.9 23962.9 16463 8379.95 -1.93332e-10 -8379.95 -16463 -23962.9 -30613.9 -36180.3 -40465.1 -43316.4 -44633.1 -44368.7 -42532.5 -39189.6 -34458.4 -28506.5 -21544.7 -13819.7 -5605.07 2808.08 11121.7 19041.4 26286.6 32600.5 37759.5 41580.9 43929.2 44721.4 43929.2 41580.9 37759.5 32600.5 26286.6 19041.4 11121.7 2808.08 -5605.07 -13819.7 -21544.7 -28506.5 -34458.4 -39189.6 -42532.5 -44368.7 -44633.1 -43316.4 -40465.1 -36180.3 -30613.9 -23962.9 -16463 
7e-11 9755.66 19041.4 27410 34458.4 39847 43316.4 44699.3 43929.2 41043.2 36180.3 29574.8 21544.7 12476.9 2808.08 -6995.96 -16463 -25137.1 -32600.5 -38493.6 -42532.5 -44522.9 -44368.7 -42077.5 -37759.5 -31622.8 -23962.9 -15148.8 -5605.07 4208.65 13819.7 22765 30613.9 36988.2 41580.9 44170.8 44633.1 42945.6 39189.6 33546 26286.6 17761 8379.95 -1404.73 -11121.7 -20303.1 -28506.5 -35336.8 -40465.1 -43644.3 -38729.8 -43644.3 -40465.1 -35336.8 -28506.5 -20303.1 -11121.7 -1404.73 8379.95 17761 26286.6 33546 39189.6 42945.6 44633.1 44170.8 41580.9 36988.2 30613.9 22765 13819.7 4208.65 -5605.07 -15148.8 -23962.9 -31622.8 -37759.5 -42077.5 -44368.7 -44522.9 -42532.5 -38493.6 -32600.5 -25137.1 -16463 -6995.96 2808.08 12476.9 21544.7 29574.8 36180.3 41043.2 43929.2 44699.3 43316.4 39847 34458.4 27410 19041.4 
8e-11 11121.7 21544.7 30613.9 37759.5 42532.5 44633.1 43929.2 40465.1 34458.4 26286.6 16463 5605.07 -5605.07 -16463 -26286.6 -34458.4 -40465.1 -43929.2 -44633.1 -42532.5 -37759.5 -30613.9 -21544.7 -11121.7 -1.36218e-10 11121.7 21544.7 30613.9 37759.5 42532.5 44633.1 43929.2 40465.1 34458.4 26286.6 16463 5605.07 -5605.07 -16463 -26286.6 -34458.4 -40465.1 -43929.2 -44633.1 -42532.5 -37759.5 -30613.9 -21544.7 -11121.7 1.95984e-10 11121.7 21544.7 30613.9 37759.5 42532.5 44633.1 43929.2 40465.1 34458.4 26286.6 16463 5605.07 -5605.07 -16463 -26286.6 -34458.4 -40465.1 -43929.2 -44633.1 -42532.5 -37759.5 -30613.9 -21544.7 -11121.7 -1.00457e-09 11121.7 21544.7 30613.9 37759.5 42532.5 44633.1 43929.2 40465.1 34458.4 26286.6 16463 5605.07 -5605.07 -16463 -26286.6 -34458.4 -40465.1 -43929.2 -44633.1 -42532.5 -37759.5 -30613.9 -21544.7 
9e-11 12476.9 23962.9 33546 40465.1 44170.8 44368.7 41043.2 34458.4 25137.1 13819.7 1404.73 -11121.7 -22765 -32600.5 -39847 -43929.2 -44522.9 -41580.9 -35336.8 -26286.6 -15148.8 -2808.08 9755.66 21544.7 31622.8 39189.6 43644.3 44633.1 42077.5 36180.3 27410 16463 4208.65 -8379.95 -20303.1 -30613.9 -38493.6 -43316.4 -44699.3 -42532.5 -36988.2 -28506.5 -17761 -5605.07 6995.96 19041.4 29574.8 37759.5 42945.6 38729.8 42945.6 37759.5 29574.8 19041.4 6995.96 -5605.07 -17761 -28506.5 -36988.2 -42532.5 -44699.3 -43316.4 -38493.6 -30613.9 -20303.1 -8379.95 4208.65 16463 27410 36180.3 42077.5 44633.1 43644.3 39189.6 31622.8 21544.7 9755.66 -2808.08 -15148.8 -26286.6 -35336.8 -41580.9 -44522.9 -43929.2 -39847 -32600.5 -22765 -11121.7 1404.73 13819.7 25137.1 34458.4 41043.2 44368.7 44170.8 40465.1 33546 23962.9 
1e-10 13819.7 26286.6 36180.3 42532.5 44721.4 42532.5 36180.3 26286.6 13819.7 6.81747e-10 -13819.7 -26286.6 -36180.3 -42532.5 -44721.4 -42532.5 -36180.3 -26286.6 -13819.7 1.118e-11 13819.7 26286.6 36180.3 42532.5 44721.4 42532.5 36180.3 26286.6 13819.7 2.55604e-10 -13819.7 -26286.6 -36180.3 -42532.5 -44721.4 -42532.5 -36180.3 -26286.6 -13819.7 -1.94303e-10 13819.7 26286.6 36180.3 42532.5 44721.4 42532.5 36180.3 26286.6 13819.7 -3.35079e-10 -13819.7 -26286.6 -36180.3 -42532.5 -44721.4 -42532.5 -36180.3 -26286.6 -13819.7 1.83117e-10 13819.7 26286.6 36180.3 42532.5 44721.4 42532.5 36180.3 26286.6 13819.7 2.00649e-10 -13819.7 -26286.6 -36180.3 -42532.5 -44721.4 -42532.5 -36180.3 -26286.6 -13819.7 -5.12178e-10 13819.7 26286.6 36180.3 42532.5 44721.4 42532.5 36180.3 26286.6 13819.7 6.03547e-10 -13819.7 -26286.6 -36180.3 -42532.5 -44721.4 -42532.5 -36180.3 -26286.6 
1.1e-10 15148.8 28506.5 38493.6 43929.2 44170.8 39189.6 29574.8 16463 1404.73 -13819.7 -27410 -37759.5 -43644.3 -44368.7 -39847 -30613.9 -17761 -2808.08 12476.9 26286.6 36988.2 43316.4 44522.9 40465.1 31622.8 19041.4 4208.65 -11121.7 -25137.1 -36180.3 -42945.6 -44633.1 -41043.2 -32600.5 -20303.1 -5605.07 9755.66 23962.9 35336.8 42532.5 44699.3 41580.9 33546 21544.7 6995.96 -8379.95 -22765 -34458.4 -42077.5 -38729.8 -42077.5 -34458.4 -22765 -8379.95 6995.96 21544.7 33546 41580.9 44699.3 42532.5 35336.8 23962.9 9755.66 -5605.07 -20303.1 -32600.5 -41043.2 -44633.1 -42945.6 -36180.3 -25137.1 -11121.7 4208.65 19041.4 31622.8 40465.1 44522.9 43316.4 36988.2 26286.6 12476.9 -2808.08 -17761 -30613.9 -39847 -44368.7 -43644.3 -37759.5 -27410 -13819.7 1404.73 16463 29574.8 39189.6 44170.8 43929.2 38493.6 28506.5 
1.2e-10 16463 30613.9 40465.1 44633.1 42532.5 34458.4 21544.7 5605.07 -11121.7 -26286.6 -37759.5 -43929.2 -43929.2 -37759.5 -26286.6 -11121.7 5605.07 21544.7 34458.4 42532.5 44633.1 40465.1 30613.9 16463 -1.92457e-11 -16463 -30613.9 -40465.1 -44633.1 -42532.5 -34458.4 -21544.7 -5605.07 11121.7 26286.6 37759.5 43929.2 43929.2 37759.5 26286.6 11121.7 -5605.07 -21544.7 -34458.4 -42532.5 -44633.1 -40465.1 -30613.9 -16463 3.16489e-10 16463 30613.9 40465.1 44633.1 42532.5 34458.4 21544.7 5605.07 -11121.7 -26286.6 -37759.5 -43929.2 -43929.2 -37759.5 -26286.6 -11121.7 5605.07 21544.7 34458.4 42532.5 44633.1 40465.1 30613.9 16463 8.82211e-10 -16463 -30613.9 -40465.1 -44633.1 -42532.5 -34458.4 -21544.7 -5605.07 11121.7 26286.6 37759.5 43929.2 43929.2 37759.5 26286.6 11121.7 -5605.07 -21544.7 -34458.4 -42532.5 -44633.1 -40465.1 -30613.9 
1.3e-10 17761 32600.5 42077.5 44633.1 39847 28506.5 12476.9 -5605.07 -22765 -36180.3 -43644.3 -43929.2 -36988.2 -23962.9 -6995.96 11121.7 27410 39189.6 44522.9 42532.5 33546 19041.4 1404.73 -16463 -31622.8 -41580.9 -44699.3 -40465.1 -29574.8 -13819.7 4208.65 21544.7 35336.8 43316.4 44170.8 37759.5 25137.1 8379.95 -9755.66 -26286.6 -38493.6 -44368.7 -42945.6 -34458.4 -20303.1 -2808.08 15148.8 30613.9 41043.2 38729.8 41043.2 30613.9 15148.8 -2808.08 -20303.1 -34458.4 -42945.6 -44368.7 -38493.6 -26286.6 -9755.66 8379.95 25137.1 37759.5 44170.8 43316.4 35336.8 21544.7 4208.65 -13819.7 -29574.8 -40465.1 -44699.3 -41580.9 -31622.8 -16463 1404.73 19041.4 33546 42532.5 44522.9 39189.6 27410 11121.7 -6995.96 -23962.9 -36988.2 -43929.2 -43644.3 -36180.3 -22765 -5605.07 12476.9 28506.5 39847 44633.1 42077.5 32600.5 
1.4e-10 19041.4 34458.4 43316.4 43929.2 36180.3 21544.7 2808.08 -16463 -32600.5 -42532.5 -44368.7 -37759.5 -23962.9 -5605.07 13819.7 30613.9 41580.9 44633.1 39189.6 26286.6 8379.95 -11121.7 -28506.5 -40465.1 -44721.4 -40465.1 -28506.5 -11121.7 8379.95 26286.6 39189.6 44633.1 41580.9 30613.9 13819.7 -5605.07 -23962.9 -37759.5 -44368.7 -42532.5 -32600.5 -16463 2808.08 21544.7 36180.3 43929.2 43316.4 34458.4 19041.4 -3.07018e-10 -19041.4 -34458.4 -43316.4 -43929.2 -36180.3 -21544.7 -2808.08 16463 32600.5 42532.5 44368.7 37759.5 23962.9 5605.07 -13819.7 -30613.9 -41580.9 -44633.1 -39189.6 -26286.6 -8379.95 11121.7 28506.5 40465.1 44721.4 40465.1 28506.5 11121.7 -8379.95 -26286.6 -39189.6 -44633.1 -41580.9 -30613.9 -13819.7 5605.07 23962.9 37759.5 44368.7 42532.5 32600.5 16463 -2808.08 -21544.7 -36180.3 -43929.2 -43316.4 -34458.4 
1.5e-10 20303.1 36180.3 44170.8 42532.5 31622.8 13819.7 -6995.96 -26286.6 -39847 -44721.4 -39847 -26286.6 -6995.96 13819.7 31622.8 42532.5 44170.8 36180.3 20303.1 -1.31815e-10 -20303.1 -36180.3 -44170.8 -42532.5 -31622.8 -13819.7 6995.96 26286.6 39847 44721.4 39847 26286.6 6995.96 -13819.7 -31622.8 -42532.5 -44170.8 -36180.3 -20303.1 -1.92512e-10 20303.1 36180.3 44170.8 42532.5 31622.8 13819.7 -6995.96 -26286.6 -39847 -38729.8 -39847 -26286.6 -6995.96 13819.7 31622.8 42532.5 44170.8 36180.3 20303.1 -1.22058e-10 -20303.1 -36180.3 -44170.8 -42532.5 -31622.8 -13819.7 6995.96 26286.6 39847 44721.4 39847 26286.6 6995.96 -13819.7 -31622.8 -42532.5 -44170.8 -36180.3 -20303.1 -3.75627e-11 20303.1 36180.3 44170.8 42532.5 31622.8 13819.7 -6995.96 -26286.6 -39847 -44721.4 -39847 -26286.6 -6995.96 13819.7 31622.8 42532.5 44170.8 36180.3 
1.6e-10 21544.7 37759.5 44633.1 40465.1 26286.6 5605.07 -16463 -34458.4 -43929.2 -42532.5 -30613.9 -11121.7 11121.7 30613.9 42532.5 43929.2 34458.4 16463 -5605.07 -26286.6 -40465.1 -44633.1 -37759.5 -21544.7 8.42492e-11 21544.7 37759.5 44633.1 40465.1 26286.6 5605.07 -16463 -34458.4 -43929.2 -42532.5 -30613.9 -11121.7 11121.7 30613.9 42532.5 43929.2 34458.4 16463 -5605.07 -26286.6 -40465.1 -44633.1 -37759.5 -21544.7 4.82469e-10 21544.7 37759.5 44633.1 40465.1 26286.6 5605.07 -16463 -34458.4 -43929.2 -42532.5 -30613.9 -11121.7 11121.7 30613.9 42532.5 43929.2 34458.4 16463 -5605.07 -26286.6 -40465.1 -44633.1 -37759.5 -21544.7 -5.91802e-10 21544.7 37759.5 44633.1 40465.1 26286.6 5605.07 -16463 -34458.4 -43929.2 -42532.5 -30613.9 -11121.7 11121.7 30613.9 42532.5 43929.2 34458.4 16463 -5605.07 -26286.6 -40465.1 -44633.1 -37759.5 
1.7e-10 22765 39189.6 44699.3 37759.5 20303.1 -2808.08 -25137.1 -40465.1 -44522.9 -36180.3 -17761 5605.07 27410 41580.9 44170.8 34458.4 15148.8 -8379.95 -29574.8 -42532.5 -43644.3 -32600.5 -12476.9 11121.7 31622.8 43316.4 42945.6 30613.9 9755.66 -13819.7 -33546 -43929.2 -42077.5 -28506.5 -6995.96 16463 35336.8 44368.7 41043.2 26286.6 4208.65 -19041.4 -36988.2 -44633.1 -39847 -23962.9 -1404.73 21544.7 38493.6 38729.8 38493.6 21544.7 -1404.73 -23962.9 -39847 -44633.1 -36988.2 -19041.4 4208.65 26286.6 41043.2 44368.7 35336.8 16463 -6995.96 -28506.5 -42077.5 -43929.2 -33546 -13819.7 9755.66 30613.9 42945.6 43316.4 31622.8 11121.7 -12476.9 -32600.5 -43644.3 -42532.5 -29574.8 -8379.95 15148.8 34458.4 44170.8 41580.9 27410 5605.07 -17761 -36180.3 -44522.9 -40465.1 -25137.1 -2808.08 20303.1 37759.5 44699.3 39189.6 
1.8e-10 23962.9 40465.1 44368.7 34458.4 13819.7 -11121.7 -32600.5 -43929.2 -41580.9 -26286.6 -2808.08 21544.7 39189.6 44633.1 36180.3 16463 -8379.95 -30613.9 -43316.4 -42532.5 -28506.5 -5605.07 19041.4 37759.5 44721.4 37759.5 19041.4 -5605.07 -28506.5 -42532.5 -43316.4 -30613.9 -8379.95 16463 36180.3 44633.1 39189.6 21544.7 -2808.08 -26286.6 -41580.9 -43929.2 -32600.5 -11121.7 13819.7 34458.4 44368.7 40465.1 23962.9 -4.68067e-10 -23962.9 -40465.1 -44368.7 -34458.4 -13819.7 11121.7 32600.5 43929.2 41580.9 26286.6 2808.08 -21544.7 -39189.6 -44633.1 -36180.3 -16463 8379.95 30613.9 43316.4 42532.5 28506.5 5605.07 -19041.4 -37759.5 -44721.4 -37759.5 -19041.4 5605.07 28506.5 42532.5 43316.4 30613.9 8379.95 -16463 -36180.3 -44633.1 -39189.6 -21544.7 2808.08 26286.6 41580.9 43929.2 32600.5 11121.7 -13819.7 -34458.4 -44368.7 -40465.1 
1.9e-10 25137.1 41580.9 43644.3 30613.9 6995.96 -19041.4 -38493.6 -44633.1 -35336.8 -13819.7 12476.9 34458.4 44522.9 39189.6 20303.1 -5605.07 -29574.8 -43316.4 -42077.5 -26286.6 -1404.73 23962.9 41043.2 43929.2 31622.8 8379.95 -17761 -37759.5 -44699.3 -36180.3 -15148.8 11121.7 33546 44368.7 39847 21544.7 -4208.65 -28506.5 -42945.6 -42532.5 -27410 -2808.08 22765 40465.1 44170.8 32600.5 9755.66 -16463 -36988.2 -38729.8 -36988.2 -16463 9755.66 32600.5 44170.8 40465.1 22765 -2808.08 -27410 -42532.5 -42945.6 -28506.5 -4208.65 21544.7 39847 44368.7 33546 11121.7 -15148.8 -36180.3 -44699.3 -37759.5 -17761 8379.95 31622.8 43929.2 41043.2 23962.9 -1404.73 -26286.6 -42077.5 -43316.4 -29574.8 -5605.07 20303.1 39189.6 44522.9 34458.4 12476.9 -13819.7 -35336.8 -44633.1 -38493.6 -19041.4 6995.96 30613.9 43644.3 41580.9 
2e-10 26286.6 42532.5 42532.5 26286.6 3.73154e-09 -26286.6 -42532.5 -42532.5 -26286.6 -1.75342e-09 26286.6 42532.5 42532.5 26286.6 -9.71597e-10 -26286.6 -42532.5 -42532.5 -26286.6 2.69931e-10 26286.6 42532.5 42532.5 26286.6 1.20246e-10 -26286.6 -42532.5 -42532.5 -26286.6 -4.71635e-10 26286.6 42532.5 42532.5 26286.6 -1.19177e-10 -26286.6 -42532.5 -42532.5 -26286.6 -1.27826e-10 26286.6 42532.5 42532.5 26286.6 -1.9631e-10 -26286.6 -42532.5 -42532.5 -26286.6 3.50075e-10 26286.6 42532.5 42532.5 26286.6 1.37457e-10 -26286.6 -42532.5 -42532.5 -26286.6 -1.29536e-10 26286.6 42532.5 42532.5 26286.6 -4.95586e-11 -26286.6 -42532.5 -42532.5 -26286.6 -1.9406e-10 26286.6 42532.5 42532.5 26286.6 8.18247e-10 -26286.6 -42532.5 -42532.5 -26286.6 -6.85384e-10 26286.6 42532.5 42532.5 26286.6 -6.45933e-10 -26286.6 -42532.5 -42532.5 -26286.6 9.24377e-10 26286.6 42532.5 42532.5 26286.6 3.48759e-09 -26286.6 -42532.5 -42532.5 
2.1e-10 27410 43316.4 41043.2 21544.7 -6995.96 -32600.5 -44522.9 -37759.5 -15148.8 13819.7 36988.2 44633.1 33546 8379.95 -20303.1 -40465.1 -43644.3 -28506.5 -1404.73 26286.6 42945.6 41580.9 22765 -5605.07 -31622.8 -44368.7 -38493.6 -16463 12476.9 36180.3 44699.3 34458.4 9755.66 -19041.4 -39847 -43929.2 -29574.8 -2808.08 25137.1 42532.5 42077.5 23962.9 -4208.65 -30613.9 -44170.8 -39189.6 -17761 11121.7 35336.8 38729.8 35336.8 11121.7 -17761 -39189.6 -44170.8 -30613.9 -4208.65 23962.9 42077.5 42532.5 25137.1 -2808.08 -29574.8 -43929.2 -39847 -19041.4 9755.66 34458.4 44699.3 36180.3 12476.9 -16463 -38493.6 -44368.7 -31622.8 -5605.07 22765 41580.9 42945.6 26286.6 -1404.73 -28506.5 -43644.3 -40465.1 -20303.1 8379.95 33546 44633.1 36988.2 13819.7 -15148.8 -37759.5 -44522.9 -32600.5 -6995.96 21544.7 41043.2 43316.4 
2.2e-10 28506.5 43929.2 39189.6 16463 -13819.7 -37759.5 -44368.7 -30613.9 -2808.08 26286.6 43316.4 40465.1 19041.4 -11121.7 -36180.3 -44633.1 -32600.5 -5605.07 23962.9 42532.5 41580.9 21544.7 -8379.95 -34458.4 -44721.4 -34458.4 -8379.95 21544.7 41580.9 42532.5 23962.9 -5605.07 -32600.5 -44633.1 -36180.3 -11121.7 19041.4 40465.1 43316.4 26286.6 -2808.08 -30613.9 -44368.7 -37759.5 -13819.7 16463 39189.6 43929.2 28506.5 -4.08946e-10 -28506.5 -43929.2 -39189.6 -16463 13819.7 37759.5 44368.7 30613.9 2808.08 -26286.6 -43316.4 -40465.1 -19041.4 11121.7 36180.3 44633.1 32600.5 5605.07 -23962.9 -42532.5 -41580.9 -21544.7 8379.95 34458.4 44721.4 34458.4 8379.95 -21544.7 -41580.9 -42532.5 -23962.9 5605.07 32600.5 44633.1 36180.3 11121.7 -19041.4 -40465.1 -43316.4 -26286.6 2808.08 30613.9 44368.7 37759.5 13819.7 -16463 -39189.6 -43929.2 
2.3e-10 29574.8 44368.7 36988.2 11121.7 -20303.1 -41580.9 -42077.5 -21544.7 9755.66 36180.3 44522.9 30613.9 1404.73 -28506.5 -44170.8 -37759.5 -12476.9 19041.4 41043.2 42532.5 22765 -8379.95 -35336.8 -44633.1 -31622.8 -2808.08 27410 43929.2 38493.6 13819.7 -17761 -40465.1 -42945.6 -23962.9 6995.96 34458.4 44699.3 32600.5 4208.65 -26286.6 -43644.3 -39189.6 -15148.8 16463 39847 43316.4 25137.1 -5605.07 -33546 -38729.8 -33546 -5605.07 25137.1 43316.4 39847 16463 -15148.8 -39189.6 -43644.3 -26286.6 4208.65 32600.5 44699.3 34458.4 6995.96 -23962.9 -42945.6 -40465.1 -17761 13819.7 38493.6 43929.2 27410 -2808.08 -31622.8 -44633.1 -35336.8 -8379.95 22765 42532.5 41043.2 19041.4 -12476.9 -37759.5 -44170.8 -28506.5 1404.73 30613.9 44522.9 36180.3 9755.66 -21544.7 -42077.5 -41580.9 -20303.1 11121.7 36988.2 44368.7 
2.4e-10 30613.9 44633.1 34458.4 5605.07 -26286.6 -43929.2 -37759.5 -11121.7 21544.7 42532.5 40465.1 16463 -16463 -40465.1 -42532.5 -21544.7 11121.7 37759.5 43929.2 26286.6 -5605.07 -34458.4 -44633.1 -30613.9 -2.62596e-10 30613.9 44633.1 34458.4 5605.07 -26286.6 -43929.2 -37759.5 -11121.7 21544.7 42532.5 40465.1 16463 -16463 -40465.1 -42532.5 -21544.7 11121.7 37759.5 43929.2 26286.6 -5605.07 -34458.4 -44633.1 -30613.9 3.7397e-10 30613.9 44633.1 34458.4 5605.07 -26286.6 -43929.2 -37759.5 -11121.7 21544.7 42532.5 40465.1 16463 -16463 -40465.1 -42532.5 -21544.7 11121.7 37759.5 43929.2 26286.6 -5605.07 -34458.4 -44633.1 -30613.9 -1.16948e-09 30613.9 44633.1 34458.4 5605.07 -26286.6 -43929.2 -37759.5 -11121.7 21544.7 42532.5 40465.1 16463 -16463 -40465.1 -42532.5 -21544.7 11121.7 37759.5 43929.2 26286.6 -5605.07 -34458.4 -44633.1 
2.5e-10 31622.8 44721.4 31622.8 5.61864e-09 -31622.8 -44721.4 -31622.8 -2.0114e-09 31622.8 44721.4 31622.8 -6.8149e-10 -31622.8 -44721.4 -31622.8 9.87668e-10 31622.8 44721.4 31622.8 -4.27905e-10 -31622.8 -44721.4 -31622.8 1.25238e-10 31622.8 44721.4 31622.8 5.21057e-10 -31622.8 -44721.4 -31622.8 5.5212e-10 31622.8 44721.4 31622.8 9.79848e-11 -31622.8 -44721.4 -31622.8 -4.26154e-10 31622.8 44721.4 31622.8 -2.32607e-10 -31622.8 -44721.4 -31622.8 8.94958e-10 31622.8 38729.8 31622.8 6.73122e-10 -31622.8 -44721.4 -31622.8 3.64987e-10 31622.8 44721.4 31622.8 3.454e-10 -31622.8 -44721.4 -31622.8 4.33252e-11 31622.8 44721.4 31622.8 -2.24779e-10 -31622.8 -44721.4 -31622.8 -5.30601e-10 31622.8 44721.4 31622.8 4.57983e-10 -31622.8 -44721.4 -31622.8 -6.85679e-10 31622.8 44721.4 31622.8 1.00449e-09 -31622.8 -44721.4 -31622.8 -2.02361e-09 31622.8 44721.4 31622.8 -9.14526e-10 -31622.8 -44721.4 -31622.8 -2.92896e-09 31622.8 44721.4 
2.6e-10 32600.5 44633.1 28506.5 -5605.07 -36180.3 -43929.2 -23962.9 11121.7 39189.6 42532.5 19041.4 -16463 -41580.9 -40465.1 -13819.7 21544.7 43316.4 37759.5 8379.95 -26286.6 -44368.7 -34458.4 -2808.08 30613.9 44721.4 30613.9 -2808.08 -34458.4 -44368.7 -26286.6 8379.95 37759.5 43316.4 21544.7 -13819.7 -40465.1 -41580.9 -16463 19041.4 42532.5 39189.6 11121.7 -23962.9 -43929.2 -36180.3 -5605.07 28506.5 44633.1 32600.5 -4.86245e-10 -32600.5 -44633.1 -28506.5 5605.07 36180.3 43929.2 23962.9 -11121.7 -39189.6 -42532.5 -19041.4 16463 41580.9 40465.1 13819.7 -21544.7 -43316.4 -37759.5 -8379.95 26286.6 44368.7 34458.4 2808.08 -30613.9 -44721.4 -30613.9 2808.08 34458.4 44368.7 26286.6 -8379.95 -37759.5 -43316.4 -21544.7 13819.7 40465.1 41580.9 16463 -19041.4 -42532.5 -39189.6 -11121.7 23962.9 43929.2 36180.3 5605.07 -28506.5 -44633.1 
2.7e-10 33546 44368.7 25137.1 -11121.7 -39847 -41580.9 -15148.8 21544.7 43644.3 36180.3 4208.65 -30613.9 -44699.3 -28506.5 6995.96 37759.5 42945.6 19041.4 -17761 -42532.5 -38493.6 -8379.95 27410 44633.1 31622.8 -2808.08 -35336.8 -43929.2 -22765 13819.7 41043.2 40465.1 12476.9 -23962.9 -44170.8 -34458.4 -1404.73 32600.5 44522.9 26286.6 -9755.66 -39189.6 -42077.5 -16463 20303.1 43316.4 36988.2 5605.07 -29574.8 -38729.8 -29574.8 5605.07 36988.2 43316.4 20303.1 -16463 -42077.5 -39189.6 -9755.66 26286.6 44522.9 32600.5 -1404.73 -34458.4 -44170.8 -23962.9 12476.9 40465.1 41043.2 13819.7 -22765 -43929.2 -35336.8 -2808.08 31622.8 44633.1 27410 -8379.95 -38493.6 -42532.5 -17761 19041.4 42945.6 37759.5 6995.96 -28506.5 -44699.3 -30613.9 4208.65 36180.3 43644.3 21544.7 -15148.8 -41580.9 -39847 -11121.7 25137.1 44368.7 
2.8e-10 34458.4 43929.2 21544.7 -16463 -42532.5 -37759.5 -5605.07 30613.9 44633.1 26286.6 -11121.7 -40465.1 -40465.1 -11121.7 26286.6 44633.1 30613.9 -5605.07 -37759.5 -42532.5 -16463 21544.7 43929.2 34458.4 3.18963e-10 -34458.4 -43929.2 -21544.7 16463 42532.5 37759.5 5605.07 -30613.9 -44633.1 -26286.6 11121.7 40465.1 40465.1 11121.7 -26286.6 -44633.1 -30613.9 5605.07 37759.5 42532.5 16463 -21544.7 -43929.2 -34458.4 5.19137e-10 34458.4 43929.2 21544.7 -16463 -42532.5 -37759.5 -5605.07 30613.9 44633.1 26286.6 -11121.7 -40465.1 -40465.1 -11121.7 26286.6 44633.1 30613.9 -5605.07 -37759.5 -42532.5 -16463 21544.7 43929.2 34458.4 1.19934e-09 -34458.4 -43929.2 -21544.7 16463 42532.5 37759.5 5605.07 -30613.9 -44633.1 -26286.6 11121.7 40465.1 40465.1 11121.7 -26286.6 -44633.1 -30613.9 5605.07 37759.5 42532.5 16463 -21544.7 -43929.2 
2.9e-10 35336.8 43316.4 17761 -21544.7 -44170.8 -32600.5 4208.65 37759.5 42077.5 13819.7 -25137.1 -44633.1 -29574.8 8379.95 39847 40465.1 9755.66 -28506.5 -44699.3 -26286.6 12476.9 41580.9 38493.6 5605.07 -31622.8 -44368.7 -22765 16463 42945.6 36180.3 1404.73 -34458.4 -43644.3 -19041.4 20303.1 43929.2 33546 -2808.08 -36988.2 -42532.5 -15148.8 23962.9 44522.9 30613.9 -6995.96 -39189.6 -41043.2 -11121.7 27410 38729.8 27410 -11121.7 -41043.2 -39189.6 -6995.96 30613.9 44522.9 23962.9 -15148.8 -42532.5 -36988.2 -2808.08 33546 43929.2 20303.1 -19041.4 -43644.3 -34458.4 1404.73 36180.3 42945.6 16463 -22765 -44368.7 -31622.8 5605.07 38493.6 41580.9 12476.9 -26286.6 -44699.3 -28506.5 9755.66 40465.1 39847 8379.95 -29574.8 -44633.1 -25137.1 13819.7 42077.5 37759.5 4208.65 -32600.5 -44170.8 -21544.7 17761 43316.4 
3e-10 36180.3 42532.5 13819.7 -26286.6 -44721.4 -26286.6 13819.7 42532.5 36180.3 2.02318e-09 -36180.3 -42532.5 -13819.7 26286.6 44721.4 26286.6 -13819.7 -42532.5 -36180.3 4.93357e-10 36180.3 42532.5 13819.7 -26286.6 -44721.4 -26286.6 13819.7 42532.5 36180.3 7.56694e-10 -36180.3 -42532.5 -13819.7 26286.6 44721.4 26286.6 -13819.7 -42532.5 -36180.3 -5.48091e-10 36180.3 42532.5 13819.7 -26286.6 -44721.4 -26286.6 13819.7 42532.5 36180.3 -6.04265e-10 -36180.3 -42532.5 -13819.7 26286.6 44721.4 26286.6 -13819.7 -42532.5 -36180.3 -5.72614e-10 36180.3 42532.5 13819.7 -26286.6 -44721.4 -26286.6 13819.7 42532.5 36180.3 7.25186e-10 -36180.3 -42532.5 -13819.7 26286.6 44721.4 26286.6 -13819.7 -42532.5 -36180.3 -2.51494e-10 36180.3 42532.5 13819.7 -26286.6 -44721.4 -26286.6 13819.7 42532.5 36180.3 8.50667e-10 -36180.3 -42532.5 -13819.7 26286.6 44721.4 26286.6 -13819.7 -42532.5 
3.1e-10 36988.2 41580.9 9755.66 -30613.9 -44170.8 -19041.4 22765 44633.1 27410 -13819.7 -42945.6 -34458.4 4208.65 39189.6 39847 5605.07 -33546 -43316.4 -15148.8 26286.6 44699.3 23962.9 -17761 -43929.2 -31622.8 8379.95 41043.2 37759.5 1404.73 -36180.3 -42077.5 -11121.7 29574.8 44368.7 20303.1 -21544.7 -44522.9 -28506.5 12476.9 42532.5 35336.8 -2808.08 -38493.6 -40465.1 -6995.96 32600.5 43644.3 16463 -25137.1 -38729.8 -25137.1 16463 43644.3 32600.5 -6995.96 -40465.1 -38493.6 -2808.08 35336.8 42532.5 12476.9 -28506.5 -44522.9 -21544.7 20303.1 44368.7 29574.8 -11121.7 -42077.5 -36180.3 1404.73 37759.5 41043.2 8379.95 -31622.8 -43929.2 -17761 23962.9 44699.3 26286.6 -15148.8 -43316.4 -33546 5605.07 39847 39189.6 4208.65 -34458.4 -42945.6 -13819.7 27410 44633.1 22765 -19041.4 -44170.8 -30613.9 9755.66 41580.9 
3.2e-10 37759.5 40465.1 5605.07 -34458.4 -42532.5 -11121.7 30613.9 43929.2 16463 -26286.6 -44633.1 -21544.7 21544.7 44633.1 26286.6 -16463 -43929.2 -30613.9 11121.7 42532.5 34458.4 -5605.07 -40465.1 -37759.5 -2.56891e-10 37759.5 40465.1 5605.07 -34458.4 -42532.5 -11121.7 30613.9 43929.2 16463 -26286.6 -44633.1 -21544.7 21544.7 44633.1 26286.6 -16463 -43929.2 -30613.9 11121.7 42532.5 34458.4 -5605.07 -40465.1 -37759.5 6.22162e-10 37759.5 40465.1 5605.07 -34458.4 -42532.5 -11121.7 30613.9 43929.2 16463 -26286.6 -44633.1 -21544.7 21544.7 44633.1 26286.6 -16463 -43929.2 -30613.9 11121.7 42532.5 34458.4 -5605.07 -40465.1 -37759.5 -5.26366e-10 37759.5 40465.1 5605.07 -34458.4 -42532.5 -11121.7 30613.9 43929.2 16463 -26286.6 -44633.1 -21544.7 21544.7 44633.1 26286.6 -16463 -43929.2 -30613.9 11121.7 42532.5 34458.4 -5605.07 -40465.1 
3.3e-10 38493.6 39189.6 1404.73 -37759.5 -39847 -2808.08 36988.2 40465.1 4208.65 -36180.3 -41043.2 -5605.07 35336.8 41580.9 6995.96 -34458.4 -42077.5 -8379.95 33546 42532.5 9755.66 -32600.5 -42945.6 -11121.7 31622.8 43316.4 12476.9 -30613.9 -43644.3 -13819.7 29574.8 43929.2 15148.8 -28506.5 -44170.8 -16463 27410 44368.7 17761 -26286.6 -44522.9 -19041.4 25137.1 44633.1 20303.1 -23962.9 -44699.3 -21544.7 22765 38729.8 22765 -21544.7 -44699.3 -23962.9 20303.1 44633.1 25137.1 -19041.4 -44522.9 -26286.6 17761 44368.7 27410 -16463 -44170.8 -28506.5 15148.8 43929.2 29574.8 -13819.7 -43644.3 -30613.9 12476.9 43316.4 31622.8 -11121.7 -42945.6 -32600.5 9755.66 42532.5 33546 -8379.95 -42077.5 -34458.4 6995.96 41580.9 35336.8 -5605.07 -41043.2 -36180.3 4208.65 40465.1 36988.2 -2808.08 -39847 -37759.5 1404.73 39189.6 
3.4e-10 39189.6 37759.5 -2808.08 -40465.1 -36180.3 5605.07 41580.9 34458.4 -8379.95 -42532.5 -32600.5 11121.7 43316.4 30613.9 -13819.7 -43929.2 -28506.5 16463 44368.7 26286.6 -19041.4 -44633.1 -23962.9 21544.7 44721.4 21544.7 -23962.9 -44633.1 -19041.4 26286.6 44368.7 16463 -28506.5 -43929.2 -13819.7 30613.9 43316.4 11121.7 -32600.5 -42532.5 -8379.95 34458.4 41580.9 5605.07 -36180.3 -40465.1 -2808.08 37759.5 39189.6 -6.56029e-10 -39189.6 -37759.5 2808.08 40465.1 36180.3 -5605.07 -41580.9 -34458.4 8379.95 42532.5 32600.5 -11121.7 -43316.4 -30613.9 13819.7 43929.2 28506.5 -16463 -44368.7 -26286.6 19041.4 44633.1 23962.9 -21544.7 -44721.4 -21544.7 23962.9 44633.1 19041.4 -26286.6 -44368.7 -16463 28506.5 43929.2 13819.7 -30613.9 -43316.4 -11121.7 32600.5 42532.5 8379.95 -34458.4 -41580.9 -5605.07 36180.3 40465.1 2808.08 -37759.5 
3.5e-10 39847 36180.3 -6995.96 -42532.5 -31622.8 13819.7 44170.8 26286.6 -20303.1 -44721.4 -20303.1 26286.6 44170.8 13819.7 -31622.8 -42532.5 -6995.96 36180.3 39847 -6.00464e-10 -39847 -36180.3 6995.96 42532.5 31622.8 -13819.7 -44170.8 -26286.6 20303.1 44721.4 20303.1 -26286.6 -44170.8 -13819.7 31622.8 42532.5 6995.96 -36180.3 -39847 -4.40076e-10 39847 36180.3 -6995.96 -42532.5 -31622.8 13819.7 44170.8 26286.6 -20303.1 -38729.8 -20303.1 26286.6 44170.8 13819.7 -31622.8 -42532.5 -6995.96 36180.3 39847 5.09124e-10 -39847 -36180.3 6995.96 42532.5 31622.8 -13819.7 -44170.8 -26286.6 20303.1 44721.4 20303.1 -26286.6 -44170.8 -13819.7 31622.8 42532.5 6995.96 -36180.3 -39847 -1.59853e-10 39847 36180.3 -6995.96 -42532.5 -31622.8 13819.7 44170.8 26286.6 -20303.1 -44721.4 -20303.1 26286.6 44170.8 13819.7 -31622.8 -42532.5 -6995.96 36180.3 
3.6e-10 40465.1 34458.4 -11121.7 -43929.2 -26286.6 21544.7 44633.1 16463 -30613.9 -42532.5 -5605.07 37759.5 37759.5 -5605.07 -42532.5 -30613.9 16463 44633.1 21544.7 -26286.6 -43929.2 -11121.7 34458.4 40465.1 3.93027e-10 -40465.1 -34458.4 11121.7 43929.2 26286.6 -21544.7 -44633.1 -16463 30613.9 42532.5 5605.07 -37759.5 -37759.5 5605.07 42532.5 30613.9 -16463 -44633.1 -21544.7 26286.6 43929.2 11121.7 -34458.4 -40465.1 6.10816e-10 40465.1 34458.4 -11121.7 -43929.2 -26286.6 21544.7 44633.1 16463 -30613.9 -42532.5 -5605.07 37759.5 37759.5 -5605.07 -42532.5 -30613.9 16463 44633.1 21544.7 -26286.6 -43929.2 -11121.7 34458.4 40465.1 6.6421e-10 -40465.1 -34458.4 11121.7 43929.2 26286.6 -21544.7 -44633.1 -16463 30613.9 42532.5 5605.07 -37759.5 -37759.5 5605.07 42532.5 30613.9 -16463 -44633.1 -21544.7 26286.6 43929.2 11121.7 -34458.4 
3.7e-10 41043.2 32600.5 -15148.8 -44633.1 -20303.1 28506.5 42945.6 5605.07 -38493.6 -36180.3 9755.66 43929.2 25137.1 -23962.9 -44170.8 -11121.7 35336.8 39189.6 -4208.65 -42532.5 -29574.8 19041.4 44699.3 16463 -31622.8 -41580.9 -1404.73 40465.1 33546 -13819.7 -44522.9 -21544.7 27410 43316.4 6995.96 -37759.5 -36988.2 8379.95 43644.3 26286.6 -22765 -44368.7 -12476.9 34458.4 39847 -2808.08 -42077.5 -30613.9 17761 38729.8 17761 -30613.9 -42077.5 -2808.08 39847 34458.4 -12476.9 -44368.7 -22765 26286.6 43644.3 8379.95 -36988.2 -37759.5 6995.96 43316.4 27410 -21544.7 -44522.9 -13819.7 33546 40465.1 -1404.73 -41580.9 -31622.8 16463 44699.3 19041.4 -29574.8 -42532.5 -4208.65 39189.6 35336.8 -11121.7 -44170.8 -23962.9 25137.1 43929.2 9755.66 -36180.3 -38493.6 5605.07 42945.6 28506.5 -20303.1 -44633.1 -15148.8 32600.5 
3.8e-10 41580.9 30613.9 -19041.4 -44633.1 -13819.7 34458.4 39189.6 -5605.07 -43316.4 -26286.6 23962.9 43929.2 8379.95 -37759.5 -36180.3 11121.7 44368.7 21544.7 -28506.5 -42532.5 -2808.08 40465.1 32600.5 -16463 -44721.4 -16463 32600.5 40465.1 -2808.08 -42532.5 -28506.5 21544.7 44368.7 11121.7 -36180.3 -37759.5 8379.95 43929.2 23962.9 -26286.6 -43316.4 -5605.07 39189.6 34458.4 -13819.7 -44633.1 -19041.4 30613.9 41580.9 -7.24584e-10 -41580.9 -30613.9 19041.4 44633.1 13819.7 -34458.4 -39189.6 5605.07 43316.4 26286.6 -23962.9 -43929.2 -8379.95 37759.5 36180.3 -11121.7 -44368.7 -21544.7 28506.5 42532.5 2808.08 -40465.1 -32600.5 16463 44721.4 16463 -32600.5 -40465.1 2808.08 42532.5 28506.5 -21544.7 -44368.7 -11121.7 36180.3 37759.5 -8379.95 -43929.2 -23962.9 26286.6 43316.4 5605.07 -39189.6 -34458.4 13819.7 44633.1 19041.4 -30613.9 
3.9e-10 42077.5 28506.5 -22765 -43929.2 -6995.96 39189.6 33546 -16463 -44699.3 -13819.7 35336.8 37759.5 -9755.66 -44368.7 -20303.1 30613.9 41043.2 -2808.08 -42945.6 -26286.6 25137.1 43316.4 4208.65 -40465.1 -31622.8 19041.4 44522.9 11121.7 -36988.2 -36180.3 12476.9 44633.1 17761 -32600.5 -39847 5605.07 43644.3 23962.9 -27410 -42532.5 -1404.73 41580.9 29574.8 -21544.7 -44170.8 -8379.95 38493.6 34458.4 -15148.8 -38729.8 -15148.8 34458.4 38493.6 -8379.95 -44170.8 -21544.7 29574.8 41580.9 -1404.73 -42532.5 -27410 23962.9 43644.3 5605.07 -39847 -32600.5 17761 44633.1 12476.9 -36180.3 -36988.2 11121.7 44522.9 19041.4 -31622.8 -40465.1 4208.65 43316.4 25137.1 -26286.6 -42945.6 -2808.08 41043.2 30613.9 -20303.1 -44368.7 -9755.66 37759.5 35336.8 -13819.7 -44699.3 -16463 33546 39189.6 -6995.96 -43929.2 -22765 28506.5 
4e-10 42532.5 26286.6 -26286.6 -42532.5 -5.62189e-09 42532.5 26286.6 -26286.6 -42532.5 -2.44741e-09 42532.5 26286.6 -26286.6 -42532.5 1.16878e-09 42532.5 26286.6 -26286.6 -42532.5 4.87481e-10 42532.5 26286.6 -26286.6 -42532.5 -4.64973e-10 42532.5 26286.6 -26286.6 -42532.5 -7.66979e-10 42532.5 26286.6 -26286.6 -42532.5 4.57003e-10 42532.5 26286.6 -26286.6 -42532.5 -4.22015e-10 42532.5 26286.6 -26286.6 -42532.5 4.26561e-10 42532.5 26286.6 -26286.6 -42532.5 7.3257e-10 42532.5 26286.6 -26286.6 -42532.5 -4.98706e-10 42532.5 26286.6 -26286.6 -42532.5 -7.37691e-10 42532.5 26286.6 -26286.6 -42532.5 -1.60579e-10 42532.5 26286.6 -26286.6 -42532.5 -7.41009e-10 42532.5 26286.6 -26286.6 -42532.5 -7.06083e-10 42532.5 26286.6 -26286.6 -42532.5 -1.69007e-10 42532.5 26286.6 -26286.6 -42532.5 2.69155e-09 42532.5 26286.6 -26286.6 -42532.5 3.1258e-10 42532.5 26286.6 -26286.6 -42532.5 -2.90773e-09 42532.5 26286.6 -26286.6 
4.1e-10 42945.6 23962.9 -29574.8 -40465.1 6995.96 44368.7 17761 -34458.4 -36988.2 13819.7 44699.3 11121.7 -38493.6 -32600.5 20303.1 43929.2 4208.65 -41580.9 -27410 26286.6 42077.5 -2808.08 -43644.3 -21544.7 31622.8 39189.6 -9755.66 -44633.1 -15148.8 36180.3 35336.8 -16463 -44522.9 -8379.95 39847 30613.9 -22765 -43316.4 -1404.73 42532.5 25137.1 -28506.5 -41043.2 5605.07 44170.8 19041.4 -33546 -37759.5 12476.9 38729.8 12476.9 -37759.5 -33546 19041.4 44170.8 5605.07 -41043.2 -28506.5 25137.1 42532.5 -1404.73 -43316.4 -22765 30613.9 39847 -8379.95 -44522.9 -16463 35336.8 36180.3 -15148.8 -44633.1 -9755.66 39189.6 31622.8 -21544.7 -43644.3 -2808.08 42077.5 26286.6 -27410 -41580.9 4208.65 43929.2 20303.1 -32600.5 -38493.6 11121.7 44699.3 13819.7 -36988.2 -34458.4 17761 44368.7 6995.96 -40465.1 -29574.8 23962.9 
4.2e-10 43316.4 21544.7 -32600.5 -37759.5 13819.7 44633.1 8379.95 -40465.1 -28506.5 26286.6 41580.9 -5605.07 -44368.7 -16463 36180.3 34458.4 -19041.4 -43929.2 -2808.08 42532.5 23962.9 -30613.9 -39189.6 11121.7 44721.4 11121.7 -39189.6 -30613.9 23962.9 42532.5 -2808.08 -43929.2 -19041.4 34458.4 36180.3 -16463 -44368.7 -5605.07 41580.9 26286.6 -28506.5 -40465.1 8379.95 44633.1 13819.7 -37759.5 -32600.5 21544.7 43316.4 -6.84204e-10 -43316.4 -21544.7 32600.5 37759.5 -13819.7 -44633.1 -8379.95 40465.1 28506.5 -26286.6 -41580.9 5605.07 44368.7 16463 -36180.3 -34458.4 19041.4 43929.2 2808.08 -42532.5 -23962.9 30613.9 39189.6 -11121.7 -44721.4 -11121.7 39189.6 30613.9 -23962.9 -42532.5 2808.08 43929.2 19041.4 -34458.4 -36180.3 16463 44368.7 5605.07 -41580.9 -26286.6 28506.5 40465.1 -8379.95 -44633.1 -13819.7 37759.5 32600.5 -21544.7 
4.3e-10 43644.3 19041.4 -35336.8 -34458.4 20303.1 43316.4 -1404.73 -43929.2 -17761 36180.3 33546 -21544.7 -42945.6 2808.08 44170.8 16463 -36988.2 -32600.5 22765 42532.5 -4208.65 -44368.7 -15148.8 37759.5 31622.8 -23962.9 -42077.5 5605.07 44522.9 13819.7 -38493.6 -30613.9 25137.1 41580.9 -6995.96 -44633.1 -12476.9 39189.6 29574.8 -26286.6 -41043.2 8379.95 44699.3 11121.7 -39847 -28506.5 27410 40465.1 -9755.66 -38729.8 -9755.66 40465.1 27410 -28506.5 -39847 11121.7 44699.3 8379.95 -41043.2 -26286.6 29574.8 39189.6 -12476.9 -44633.1 -6995.96 41580.9 25137.1 -30613.9 -38493.6 13819.7 44522.9 5605.07 -42077.5 -23962.9 31622.8 37759.5 -15148.8 -44368.7 -4208.65 42532.5 22765 -32600.5 -36988.2 16463 44170.8 2808.08 -42945.6 -21544.7 33546 36180.3 -17761 -43929.2 -1404.73 43316.4 20303.1 -34458.4 -35336.8 19041.4 
4.4e-10 43929.2 16463 -37759.5 -30613.9 26286.6 40465.1 -11121.7 -44633.1 -5605.07 42532.5 21544.7 -34458.4 -34458.4 21544.7 42532.5 -5605.07 -44633.1 -11121.7 40465.1 26286.6 -30613.9 -37759.5 16463 43929.2 3.41394e-10 -43929.2 -16463 37759.5 30613.9 -26286.6 -40465.1 11121.7 44633.1 5605.07 -42532.5 -21544.7 34458.4 34458.4 -21544.7 -42532.5 5605.07 44633.1 11121.7 -40465.1 -26286.6 30613.9 37759.5 -16463 -43929.2 5.4645e-10 43929.2 16463 -37759.5 -30613.9 26286.6 40465.1 -11121.7 -44633.1 -5605.07 42532.5 21544.7 -34458.4 -34458.4 21544.7 42532.5 -5605.07 -44633.1 -11121.7 40465.1 26286.6 -30613.9 -37759.5 16463 43929.2 1.12384e-09 -43929.2 -16463 37759.5 30613.9 -26286.6 -40465.1 11121.7 44633.1 5605.07 -42532.5 -21544.7 34458.4 34458.4 -21544.7 -42532.5 5605.07 44633.1 11121.7 -40465.1 -26286.6 30613.9 37759.5 -16463 
4.5e-10 44170.8 13819.7 -39847 -26286.6 31622.8 36180.3 -20303.1 -42532.5 6995.96 44721.4 6995.96 -42532.5 -20303.1 36180.3 31622.8 -26286.6 -39847 13819.7 44170.8 -3.71458e-10 -44170.8 -13819.7 39847 26286.6 -31622.8 -36180.3 20303.1 42532.5 -6995.96 -44721.4 -6995.96 42532.5 20303.1 -36180.3 -31622.8 26286.6 39847 -13819.7 -44170.8 -4.68542e-10 44170.8 13819.7 -39847 -26286.6 31622.8 36180.3 -20303.1 -42532.5 6995.96 38729.8 6995.96 -42532.5 -20303.1 36180.3 31622.8 -26286.6 -39847 13819.7 44170.8 9.99659e-10 -44170.8 -13819.7 39847 26286.6 -31622.8 -36180.3 20303.1 42532.5 -6995.96 -44721.4 -6995.96 42532.5 20303.1 -36180.3 -31622.8 26286.6 39847 -13819.7 -44170.8 -1.1998e-09 44170.8 13819.7 -39847 -26286.6 31622.8 36180.3 -20303.1 -42532.5 6995.96 44721.4 6995.96 -42532.5 -20303.1 36180.3 31622.8 -26286.6 -39847 13819.7 
4.6e-10 44368.7 11121.7 -41580.9 -21544.7 36180.3 30613.9 -28506.5 -37759.5 19041.4 42532.5 -8379.95 -44633.1 -2808.08 43929.2 13819.7 -40465.1 -23962.9 34458.4 32600.5 -26286.6 -39189.6 16463 43316.4 -5605.07 -44721.4 -5605.07 43316.4 16463 -39189.6 -26286.6 32600.5 34458.4 -23962.9 -40465.1 13819.7 43929.2 -2808.08 -44633.1 -8379.95 42532.5 19041.4 -37759.5 -28506.5 30613.9 36180.3 -21544.7 -41580.9 11121.7 44368.7 -4.76604e-10 -44368.7 -11121.7 41580.9 21544.7 -36180.3 -30613.9 28506.5 37759.5 -19041.4 -42532.5 8379.95 44633.1 2808.08 -43929.2 -13819.7 40465.1 23962.9 -34458.4 -32600.5 26286.6 39189.6 -16463 -43316.4 5605.07 44721.4 5605.07 -43316.4 -16463 39189.6 26286.6 -32600.5 -34458.4 23962.9 40465.1 -13819.7 -43929.2 2808.08 44633.1 8379.95 -42532.5 -19041.4 37759.5 28506.5 -30613.9 -36180.3 21544.7 41580.9 -11121.7 
4.7e-10 44522.9 8379.95 -42945.6 -16463 39847 23962.9 -35336.8 -30613.9 29574.8 36180.3 -22765 -40465.1 15148.8 43316.4 -6995.96 -44633.1 -1404.73 44368.7 9755.66 -42532.5 -17761 39189.6 25137.1 -34458.4 -31622.8 28506.5 36988.2 -21544.7 -41043.2 13819.7 43644.3 -5605.07 -44699.3 -2808.08 44170.8 11121.7 -42077.5 -19041.4 38493.6 26286.6 -33546 -32600.5 27410 37759.5 -20303.1 -41580.9 12476.9 43929.2 -4208.65 -38729.8 -4208.65 43929.2 12476.9 -41580.9 -20303.1 37759.5 27410 -32600.5 -33546 26286.6 38493.6 -19041.4 -42077.5 11121.7 44170.8 -2808.08 -44699.3 -5605.07 43644.3 13819.7 -41043.2 -21544.7 36988.2 28506.5 -31622.8 -34458.4 25137.1 39189.6 -17761 -42532.5 9755.66 44368.7 -1404.73 -44633.1 -6995.96 43316.4 15148.8 -40465.1 -22765 36180.3 29574.8 -30613.9 -35336.8 23962.9 39847 -16463 -42945.6 8379.95 
