0 0 0 0 0 0 0 0 0 0 0 0 0 0 0 0 0 0 0 0 0 0 0 0 0 0 0 0 0 0 0 0 0 0 0 0 0 0 0 0 0 0 0 0 0 0 0 0 0 0 0 0 0 0 0 0 0 0 0 0 0 0 0 0 0 0 0 0 0 0 0 0 0 0 0 0 0 0 0 0 0 0 0 0 0 0 0 0 0 0 0 0 0 0 0 0 0 0 0 
1e-12 4442.15 8879.92 13308.9 17724.8 22123.2 26499.7 30850.1 35170.1 39455.3 43701.6 47904.8 52060.7 56165.2 60214.3 64204 68130.3 71989.3 75777.4 79490.6 83125.4 86678.1 90145.4 93523.6 96809.6 100000 103092 106082 108967 111745 114412 116967 119406 121727 123928 126007 127962 129790 131490 133061 134500 135806 136978 138015 138916 139680 140306 140794 141142 141352 122474 141352 141142 140794 140306 139680 138916 138015 136978 135806 134500 133061 131490 129790 127962 126007 123928 121727 119406 116967 114412 111745 108967 106082 103092 100000 96809.6 93523.6 90145.4 86678.1 83125.4 79490.6 75777.4 71989.3 68130.3 64204 60214.3 56165.2 52060.7 47904.8 43701.6 39455.3 35170.1 30850.1 26499.7 22123.2 17724.8 13308.9 8879.92 
2e-12 8879.92 17724.8 26499.7 35170.1 43701.6 52060.7 60214.3 68130.3 75777.4 83125.4 90145.4 96809.6 103092 108967 114412 119406 123928 127962 131490 134500 136978 138916 140306 141142 141421 141142 140306 138916 136978 134500 131490 127962 123928 119406 114412 108967 103092 96809.6 90145.4 83125.4 75777.4 68130.3 60214.3 52060.7 43701.6 35170.1 26499.7 17724.8 8879.92 3.63657e-10 -8879.92 -17724.8 -26499.7 -35170.1 -43701.6 -52060.7 -60214.3 -68130.3 -75777.4 -83125.4 -90145.4 -96809.6 -103092 -108967 -114412 -119406 -123928 -127962 -131490 -134500 -136978 -138916 -140306 -141142 -141421 -141142 -140306 -138916 -136978 -134500 -131490 -127962 -123928 -119406 -114412 -108967 -103092 -96809.6 -90145.4 -83125.4 -75777.4 -68130.3 -60214.3 -52060.7 -43701.6 -35170.1 -26499.7 -17724.8 
3e-12 13308.9 26499.7 39455.3 52060.7 64204 75777.4 86678.1 96809.6 106082 114412 121727 127962 133061 136978 139680 141142 141352 140306 138015 134500 129790 123928 116967 108967 100000 90145.4 79490.6 68130.3 56165.2 43701.6 30850.1 17724.8 4442.15 -8879.92 -22123.2 -35170.1 -47904.8 -60214.3 -71989.3 -83125.4 -93523.6 -103092 -111745 -119406 -126007 -131490 -135806 -138916 -140794 -122474 -140794 -138916 -135806 -131490 -126007 -119406 -111745 -103092 -93523.6 -83125.4 -71989.3 -60214.3 -47904.8 -35170.1 -22123.2 -8879.92 4442.15 17724.8 30850.1 43701.6 56165.2 68130.3 79490.6 90145.4 100000 108967 116967 123928 129790 134500 138015 140306 141352 141142 139680 136978 133061 127962 121727 114412 106082 96809.6 86678.1 75777.4 64204 52060.7 39455.3 26499.7 
4e-12 17724.8 35170.1 52060.7 68130.3 83125.4 96809.6 108967 119406 127962 134500 138916 141142 141142 138916 134500 127962 119406 108967 96809.6 83125.4 68130.3 52060.7 35170.1 17724.8 1.58563e-10 -17724.8 -35170.1 -52060.7 -68130.3 -83125.4 -96809.6 -108967 -119406 -127962 -134500 -138916 -141142 -141142 -138916 -134500 -127962 -119406 -108967 -96809.6 -83125.4 -68130.3 -52060.7 -35170.1 -17724.8 -4.75604e-11 17724.8 35170.1 52060.7 68130.3 83125.4 96809.6 108967 119406 127962 134500 138916 141142 141142 138916 134500 127962 119406 108967 96809.6 83125.4 68130.3 52060.7 35170.1 17724.8 -1.28325e-09 -17724.8 -35170.1 -52060.7 -68130.3 -83125.4 -96809.6 -108967 -119406 -127962 -134500 -138916 -141142 -141142 -138916 -134500 -127962 -119406 -108967 -96809.6 -83125.4 -68130.3 -52060.7 -35170.1 
5e-12 22123.2 43701.6 64204 83125.4 100000 114412 126007 134500 139680 141421 139680 134500 126007 114412 100000 83125.4 64204 43701.6 22123.2 -8.40564e-10 -22123.2 -43701.6 -64204 -83125.4 -100000 -114412 -126007 -134500 -139680 -141421 -139680 -134500 -126007 -114412 -100000 -83125.4 -64204 -43701.6 -22123.2 -2.00327e-10 22123.2 43701.6 64204 83125.4 100000 114412 126007 134500 139680 122474 139680 134500 126007 114412 100000 83125.4 64204 43701.6 22123.2 1.72382e-11 -22123.2 -43701.6 -64204 -83125.4 -100000 -114412 -126007 -134500 -139680 -141421 -139680 -134500 -126007 -114412 -100000 -83125.4 -64204 -43701.6 -22123.2 -2.36848e-10 22123.2 43701.6 64204 83125.4 100000 114412 126007 134500 139680 141421 139680 134500 126007 114412 100000 83125.4 64204 43701.6 
6e-12 26499.7 52060.7 75777.4 96809.6 114412 127962 136978 141142 140306 134500 123928 108967 90145.4 68130.3 43701.6 17724.8 -8879.92 -35170.1 -60214.3 -83125.4 -103092 -119406 -131490 -138916 -141421 -138916 -131490 -119406 -103092 -83125.4 -60214.3 -35170.1 -8879.92 17724.8 43701.6 68130.3 90145.4 108967 123928 134500 140306 141142 136978 127962 114412 96809.6 75777.4 52060.7 26499.7 5.71703e-10 -26499.7 -52060.7 -75777.4 -96809.6 -114412 -127962 -136978 -141142 -140306 -134500 -123928 -108967 -90145.4 -68130.3 -43701.6 -17724.8 8879.92 35170.1 60214.3 83125.4 103092 119406 131490 138916 141421 138916 131490 119406 103092 83125.4 60214.3 35170.1 8879.92 -17724.8 -43701.6 -68130.3 -90145.4 -108967 -123928 -134500 -140306 -141142 -136978 -127962 -114412 -96809.6 -75777.4 -52060.7 
7e-12 30850.1 60214.3 86678.1 108967 126007 136978 141352 138916 129790 114412 93523.6 68130.3 39455.3 8879.92 -22123.2 -52060.7 -79490.6 -103092 -121727 -134500 -140794 -140306 -133061 -119406 -100000 -75777.4 -47904.8 -17724.8 13308.9 43701.6 71989.3 96809.6 116967 131490 139680 141142 135806 123928 106082 83125.4 56165.2 26499.7 -4442.15 -35170.1 -64204 -90145.4 -111745 -127962 -138015 -122474 -138015 -127962 -111745 -90145.4 -64204 -35170.1 -4442.15 26499.7 56165.2 83125.4 106082 123928 135806 141142 139680 131490 116967 96809.6 71989.3 43701.6 13308.9 -17724.8 -47904.8 -75777.4 -100000 -119406 -133061 -140306 -140794 -134500 -121727 -103092 -79490.6 -52060.7 -22123.2 8879.92 39455.3 68130.3 93523.6 114412 129790 138916 141352 136978 126007 108967 86678.1 60214.3 
8e-12 35170.1 68130.3 96809.6 119406 134500 141142 138916 127962 108967 83125.4 52060.7 17724.8 -17724.8 -52060.7 -83125.4 -108967 -127962 -138916 -141142 -134500 -119406 -96809.6 -68130.3 -35170.1 -4.22704e-10 35170.1 68130.3 96809.6 119406 134500 141142 138916 127962 108967 83125.4 52060.7 17724.8 -17724.8 -52060.7 -83125.4 -108967 -127962 -138916 -141142 -134500 -119406 -96809.6 -68130.3 -35170.1 -6.65933e-10 35170.1 68130.3 96809.6 119406 134500 141142 138916 127962 108967 83125.4 52060.7 17724.8 -17724.8 -52060.7 -83125.4 -108967 -127962 -138916 -141142 -134500 -119406 -96809.6 -68130.3 -35170.1 1.00346e-09 35170.1 68130.3 96809.6 119406 134500 141142 138916 127962 108967 83125.4 52060.7 17724.8 -17724.8 -52060.7 -83125.4 -108967 -127962 -138916 -141142 -134500 -119406 -96809.6 -68130.3 
9e-12 39455.3 75777.4 106082 127962 139680 140306 129790 108967 79490.6 43701.6 4442.15 -35170.1 -71989.3 -103092 -126007 -138916 -140794 -131490 -111745 -83125.4 -47904.8 -8879.92 30850.1 68130.3 100000 123928 138015 141142 133061 114412 86678.1 52060.7 13308.9 -26499.7 -64204 -96809.6 -121727 -136978 -141352 -134500 -116967 -90145.4 -56165.2 -17724.8 22123.2 60214.3 93523.6 119406 135806 122474 135806 119406 93523.6 60214.3 22123.2 -17724.8 -56165.2 -90145.4 -116967 -134500 -141352 -136978 -121727 -96809.6 -64204 -26499.7 13308.9 52060.7 86678.1 114412 133061 141142 138015 123928 100000 68130.3 30850.1 -8879.92 -47904.8 -83125.4 -111745 -131490 -140794 -138916 -126007 -103092 -71989.3 -35170.1 4442.15 43701.6 79490.6 108967 129790 140306 139680 127962 106082 75777.4 
1e-11 43701.6 83125.4 114412 134500 141421 134500 114412 83125.4 43701.6 -1.71221e-09 -43701.6 -83125.4 -114412 -134500 -141421 -134500 -114412 -83125.4 -43701.6 1.38358e-09 43701.6 83125.4 114412 134500 141421 134500 114412 83125.4 43701.6 -4.92039e-10 -43701.6 -83125.4 -114412 -134500 -141421 -134500 -114412 -83125.4 -43701.6 -9.86349e-11 43701.6 83125.4 114412 134500 141421 134500 114412 83125.4 43701.6 9.4071e-10 -43701.6 -83125.4 -114412 -134500 -141421 -134500 -114412 -83125.4 -43701.6 9.33518e-10 43701.6 83125.4 114412 134500 141421 134500 114412 83125.4 43701.6 1.85844e-10 -43701.6 -83125.4 -114412 -134500 -141421 -134500 -114412 -83125.4 -43701.6 -1.70477e-09 43701.6 83125.4 114412 134500 141421 134500 114412 83125.4 43701.6 1.12467e-09 -43701.6 -83125.4 -114412 -134500 -141421 -134500 -114412 -83125.4 
1.1e-11 47904.8 90145.4 121727 138916 139680 123928 93523.6 52060.7 4442.15 -43701.6 -86678.1 -119406 -138015 -140306 -126007 -96809.6 -56165.2 -8879.92 39455.3 83125.4 116967 136978 140794 127962 100000 60214.3 13308.9 -35170.1 -79490.6 -114412 -135806 -141142 -129790 -103092 -64204 -17724.8 30850.1 75777.4 111745 134500 141352 131490 106082 68130.3 22123.2 -26499.7 -71989.3 -108967 -133061 -122474 -133061 -108967 -71989.3 -26499.7 22123.2 68130.3 106082 131490 141352 134500 111745 75777.4 30850.1 -17724.8 -64204 -103092 -129790 -141142 -135806 -114412 -79490.6 -35170.1 13308.9 60214.3 100000 127962 140794 136978 116967 83125.4 39455.3 -8879.92 -56165.2 -96809.6 -126007 -140306 -138015 -119406 -86678.1 -43701.6 4442.15 52060.7 93523.6 123928 139680 138916 121727 90145.4 
1.2e-11 52060.7 96809.6 127962 141142 134500 108967 68130.3 17724.8 -35170.1 -83125.4 -119406 -138916 -138916 -119406 -83125.4 -35170.1 17724.8 68130.3 108967 134500 141142 127962 96809.6 52060.7 3.84086e-10 -52060.7 -96809.6 -127962 -141142 -134500 -108967 -68130.3 -17724.8 35170.1 83125.4 119406 138916 138916 119406 83125.4 35170.1 -17724.8 -68130.3 -108967 -134500 -141142 -127962 -96809.6 -52060.7 -2.09402e-10 52060.7 96809.6 127962 141142 134500 108967 68130.3 17724.8 -35170.1 -83125.4 -119406 -138916 -138916 -119406 -83125.4 -35170.1 17724.8 68130.3 108967 134500 141142 127962 96809.6 52060.7 -1.75302e-09 -52060.7 -96809.6 -127962 -141142 -134500 -108967 -68130.3 -17724.8 35170.1 83125.4 119406 138916 138916 119406 83125.4 35170.1 -17724.8 -68130.3 -108967 -134500 -141142 -127962 -96809.6 
1.3e-11 56165.2 103092 133061 141142 126007 90145.4 39455.3 -17724.8 -71989.3 -114412 -138015 -138916 -116967 -75777.4 -22123.2 35170.1 86678.1 123928 140794 134500 106082 60214.3 4442.15 -52060.7 -100000 -131490 -141352 -127962 -93523.6 -43701.6 13308.9 68130.3 111745 136978 139680 119406 79490.6 26499.7 -30850.1 -83125.4 -121727 -140306 -135806 -108967 -64204 -8879.92 47904.8 96809.6 129790 122474 129790 96809.6 47904.8 -8879.92 -64204 -108967 -135806 -140306 -121727 -83125.4 -30850.1 26499.7 79490.6 119406 139680 136978 111745 68130.3 13308.9 -43701.6 -93523.6 -127962 -141352 -131490 -100000 -52060.7 4442.15 60214.3 106082 134500 140794 123928 86678.1 35170.1 -22123.2 -75777.4 -116967 -138916 -138015 -114412 -71989.3 -17724.8 39455.3 90145.4 126007 141142 133061 103092 
1.4e-11 60214.3 108967 136978 138916 114412 68130.3 8879.92 -52060.7 -103092 -134500 -140306 -119406 -75777.4 -17724.8 43701.6 96809.6 131490 141142 123928 83125.4 26499.7 -35170.1 -90145.4 -127962 -141421 -127962 -90145.4 -35170.1 26499.7 83125.4 123928 141142 131490 96809.6 43701.6 -17724.8 -75777.4 -119406 -140306 -134500 -103092 -52060.7 8879.92 68130.3 114412 138916 136978 108967 60214.3 -1.04634e-11 -60214.3 -108967 -136978 -138916 -114412 -68130.3 -8879.92 52060.7 103092 134500 140306 119406 75777.4 17724.8 -43701.6 -96809.6 -131490 -141142 -123928 -83125.4 -26499.7 35170.1 90145.4 127962 141421 127962 90145.4 35170.1 -26499.7 -83125.4 -123928 -141142 -131490 -96809.6 -43701.6 17724.8 75777.4 119406 140306 134500 103092 52060.7 -8879.92 -68130.3 -114412 -138916 -136978 -108967 
1.5e-11 64204 114412 139680 134500 100000 43701.6 -22123.2 -83125.4 -126007 -141421 -126007 -83125.4 -22123.2 43701.6 100000 134500 139680 114412 64204 -1.15489e-09 -64204 -114412 -139680 -134500 -100000 -43701.6 22123.2 83125.4 126007 141421 126007 83125.4 22123.2 -43701.6 -100000 -134500 -139680 -114412 -64204 -3.15904e-10 64204 114412 139680 134500 100000 43701.6 -22123.2 -83125.4 -126007 -122474 -126007 -83125.4 -22123.2 43701.6 100000 134500 139680 114412 64204 -1.65321e-09 -64204 -114412 -139680 -134500 -100000 -43701.6 22123.2 83125.4 126007 141421 126007 83125.4 22123.2 -43701.6 -100000 -134500 -139680 -114412 -64204 -1.1905e-09 64204 114412 139680 134500 100000 43701.6 -22123.2 -83125.4 -126007 -141421 -126007 -83125.4 -22123.2 43701.6 100000 134500 139680 114412 
1.6e-11 68130.3 119406 141142 127962 83125.4 17724.8 -52060.7 -108967 -138916 -134500 -96809.6 -35170.1 35170.1 96809.6 134500 138916 108967 52060.7 -17724.8 -83125.4 -127962 -141142 -119406 -68130.3 -3.40222e-10 68130.3 119406 141142 127962 83125.4 17724.8 -52060.7 -108967 -138916 -134500 -96809.6 -35170.1 35170.1 96809.6 134500 138916 108967 52060.7 -17724.8 -83125.4 -127962 -141142 -119406 -68130.3 1.21646e-10 68130.3 119406 141142 127962 83125.4 17724.8 -52060.7 -108967 -138916 -134500 -96809.6 -35170.1 35170.1 96809.6 134500 138916 108967 52060.7 -17724.8 -83125.4 -127962 -141142 -119406 -68130.3 1.62675e-09 68130.3 119406 141142 127962 83125.4 17724.8 -52060.7 -108967 -138916 -134500 -96809.6 -35170.1 35170.1 96809.6 134500 138916 108967 52060.7 -17724.8 -83125.4 -127962 -141142 -119406 
1.7e-11 71989.3 123928 141352 119406 64204 -8879.92 -79490.6 -127962 -140794 -114412 -56165.2 17724.8 86678.1 131490 139680 108967 47904.8 -26499.7 -93523.6 -134500 -138015 -103092 -39455.3 35170.1 100000 136978 135806 96809.6 30850.1 -43701.6 -106082 -138916 -133061 -90145.4 -22123.2 52060.7 111745 140306 129790 83125.4 13308.9 -60214.3 -116967 -141142 -126007 -75777.4 -4442.15 68130.3 121727 122474 121727 68130.3 -4442.15 -75777.4 -126007 -141142 -116967 -60214.3 13308.9 83125.4 129790 140306 111745 52060.7 -22123.2 -90145.4 -133061 -138916 -106082 -43701.6 30850.1 96809.6 135806 136978 100000 35170.1 -39455.3 -103092 -138015 -134500 -93523.6 -26499.7 47904.8 108967 139680 131490 86678.1 17724.8 -56165.2 -114412 -140794 -127962 -79490.6 -8879.92 64204 119406 141352 123928 
1.8e-11 75777.4 127962 140306 108967 43701.6 -35170.1 -103092 -138916 -131490 -83125.4 -8879.92 68130.3 123928 141142 114412 52060.7 -26499.7 -96809.6 -136978 -134500 -90145.4 -17724.8 60214.3 119406 141421 119406 60214.3 -17724.8 -90145.4 -134500 -136978 -96809.6 -26499.7 52060.7 114412 141142 123928 68130.3 -8879.92 -83125.4 -131490 -138916 -103092 -35170.1 43701.6 108967 140306 127962 75777.4 2.66245e-10 -75777.4 -127962 -140306 -108967 -43701.6 35170.1 103092 138916 131490 83125.4 8879.92 -68130.3 -123928 -141142 -114412 -52060.7 26499.7 96809.6 136978 134500 90145.4 17724.8 -60214.3 -119406 -141421 -119406 -60214.3 17724.8 90145.4 134500 136978 96809.6 26499.7 -52060.7 -114412 -141142 -123928 -68130.3 8879.92 83125.4 131490 138916 103092 35170.1 -43701.6 -108967 -140306 -127962 
1.9e-11 79490.6 131490 138015 96809.6 22123.2 -60214.3 -121727 -141142 -111745 -43701.6 39455.3 108967 140794 123928 64204 -17724.8 -93523.6 -136978 -133061 -83125.4 -4442.15 75777.4 129790 138916 100000 26499.7 -56165.2 -119406 -141352 -114412 -47904.8 35170.1 106082 140306 126007 68130.3 -13308.9 -90145.4 -135806 -134500 -86678.1 -8879.92 71989.3 127962 139680 103092 30850.1 -52060.7 -116967 -122474 -116967 -52060.7 30850.1 103092 139680 127962 71989.3 -8879.92 -86678.1 -134500 -135806 -90145.4 -13308.9 68130.3 126007 140306 106082 35170.1 -47904.8 -114412 -141352 -119406 -56165.2 26499.7 100000 138916 129790 75777.4 -4442.15 -83125.4 -133061 -136978 -93523.6 -17724.8 64204 123928 140794 108967 39455.3 -43701.6 -111745 -141142 -121727 -60214.3 22123.2 96809.6 138015 131490 
2e-11 83125.4 134500 134500 83125.4 -9.31631e-09 -83125.4 -134500 -134500 -83125.4 4.6214e-09 83125.4 134500 134500 83125.4 6.5367e-11 -83125.4 -134500 -134500 -83125.4 2.0918e-09 83125.4 134500 134500 83125.4 2.68824e-10 -83125.4 -134500 -134500 -83125.4 7.54019e-10 83125.4 134500 134500 83125.4 -1.07026e-09 -83125.4 -134500 -134500 -83125.4 -5.40664e-10 83125.4 134500 134500 83125.4 1.95686e-09 -83125.4 -134500 -134500 -83125.4 -4.33891e-10 83125.4 134500 134500 83125.4 2.82611e-09 -83125.4 -134500 -134500 -83125.4 2.1206e-09 83125.4 134500 134500 83125.4 -1.9834e-09 -83125.4 -134500 -134500 -83125.4 8.50918e-10 83125.4 134500 134500 83125.4 -1.06962e-09 -83125.4 -134500 -134500 -83125.4 -3.40893e-10 83125.4 134500 134500 83125.4 3.31469e-09 -83125.4 -134500 -134500 -83125.4 -1.14754e-08 83125.4 134500 134500 83125.4 1.32167e-08 -83125.4 -134500 -134500 
2.1e-11 86678.1 136978 129790 68130.3 -22123.2 -103092 -140794 -119406 -47904.8 43701.6 116967 141142 106082 26499.7 -64204 -127962 -138015 -90145.4 -4442.15 83125.4 135806 131490 71989.3 -17724.8 -100000 -140306 -121727 -52060.7 39455.3 114412 141352 108967 30850.1 -60214.3 -126007 -138916 -93523.6 -8879.92 79490.6 134500 133061 75777.4 -13308.9 -96809.6 -139680 -123928 -56165.2 35170.1 111745 122474 111745 35170.1 -56165.2 -123928 -139680 -96809.6 -13308.9 75777.4 133061 134500 79490.6 -8879.92 -93523.6 -138916 -126007 -60214.3 30850.1 108967 141352 114412 39455.3 -52060.7 -121727 -140306 -100000 -17724.8 71989.3 131490 135806 83125.4 -4442.15 -90145.4 -138015 -127962 -64204 26499.7 106082 141142 116967 43701.6 -47904.8 -119406 -140794 -103092 -22123.2 68130.3 129790 136978 
2.2e-11 90145.4 138916 123928 52060.7 -43701.6 -119406 -140306 -96809.6 -8879.92 83125.4 136978 127962 60214.3 -35170.1 -114412 -141142 -103092 -17724.8 75777.4 134500 131490 68130.3 -26499.7 -108967 -141421 -108967 -26499.7 68130.3 131490 134500 75777.4 -17724.8 -103092 -141142 -114412 -35170.1 60214.3 127962 136978 83125.4 -8879.92 -96809.6 -140306 -119406 -43701.6 52060.7 123928 138916 90145.4 2.65214e-10 -90145.4 -138916 -123928 -52060.7 43701.6 119406 140306 96809.6 8879.92 -83125.4 -136978 -127962 -60214.3 35170.1 114412 141142 103092 17724.8 -75777.4 -134500 -131490 -68130.3 26499.7 108967 141421 108967 26499.7 -68130.3 -131490 -134500 -75777.4 17724.8 103092 141142 114412 35170.1 -60214.3 -127962 -136978 -83125.4 8879.92 96809.6 140306 119406 43701.6 -52060.7 -123928 -138916 
2.3e-11 93523.6 140306 116967 35170.1 -64204 -131490 -133061 -68130.3 30850.1 114412 140794 96809.6 4442.15 -90145.4 -139680 -119406 -39455.3 60214.3 129790 134500 71989.3 -26499.7 -111745 -141142 -100000 -8879.92 86678.1 138916 121727 43701.6 -56165.2 -127962 -135806 -75777.4 22123.2 108967 141352 103092 13308.9 -83125.4 -138015 -123928 -47904.8 52060.7 126007 136978 79490.6 -17724.8 -106082 -122474 -106082 -17724.8 79490.6 136978 126007 52060.7 -47904.8 -123928 -138015 -83125.4 13308.9 103092 141352 108967 22123.2 -75777.4 -135806 -127962 -56165.2 43701.6 121727 138916 86678.1 -8879.92 -100000 -141142 -111745 -26499.7 71989.3 134500 129790 60214.3 -39455.3 -119406 -139680 -90145.4 4442.15 96809.6 140794 114412 30850.1 -68130.3 -133061 -131490 -64204 35170.1 116967 140306 
2.4e-11 96809.6 141142 108967 17724.8 -83125.4 -138916 -119406 -35170.1 68130.3 134500 127962 52060.7 -52060.7 -127962 -134500 -68130.3 35170.1 119406 138916 83125.4 -17724.8 -108967 -141142 -96809.6 -9.1226e-10 96809.6 141142 108967 17724.8 -83125.4 -138916 -119406 -35170.1 68130.3 134500 127962 52060.7 -52060.7 -127962 -134500 -68130.3 35170.1 119406 138916 83125.4 -17724.8 -108967 -141142 -96809.6 -2.66643e-10 96809.6 141142 108967 17724.8 -83125.4 -138916 -119406 -35170.1 68130.3 134500 127962 52060.7 -52060.7 -127962 -134500 -68130.3 35170.1 119406 138916 83125.4 -17724.8 -108967 -141142 -96809.6 2.05533e-09 96809.6 141142 108967 17724.8 -83125.4 -138916 -119406 -35170.1 68130.3 134500 127962 52060.7 -52060.7 -127962 -134500 -68130.3 35170.1 119406 138916 83125.4 -17724.8 -108967 -141142 
2.5e-11 100000 141421 100000 -1.20209e-08 -100000 -141421 -100000 1.99204e-09 100000 141421 100000 -1.6863e-09 -100000 -141421 -100000 -1.41653e-09 100000 141421 100000 -2.65459e-09 -100000 -141421 -100000 -3.49556e-11 100000 141421 100000 1.11456e-09 -100000 -141421 -100000 3.16261e-12 100000 141421 100000 -2.25388e-10 -100000 -141421 -100000 -5.53624e-10 100000 141421 100000 -1.76737e-09 -100000 -141421 -100000 6.95364e-10 100000 122474 100000 2.65676e-09 -100000 -141421 -100000 -1.30711e-09 100000 141421 100000 -2.45645e-09 -100000 -141421 -100000 2.89651e-09 100000 141421 100000 -1.32339e-10 -100000 -141421 -100000 -1.86739e-09 100000 141421 100000 3.09648e-09 -100000 -141421 -100000 -1.20286e-09 100000 141421 100000 5.73349e-09 -100000 -141421 -100000 4.21727e-09 100000 141421 100000 6.92557e-09 -100000 -141421 -100000 -1.19359e-08 100000 141421 
2.6e-11 103092 141142 90145.4 -17724.8 -114412 -138916 -75777.4 35170.1 123928 134500 60214.3 -52060.7 -131490 -127962 -43701.6 68130.3 136978 119406 26499.7 -83125.4 -140306 -108967 -8879.92 96809.6 141421 96809.6 -8879.92 -108967 -140306 -83125.4 26499.7 119406 136978 68130.3 -43701.6 -127962 -131490 -52060.7 60214.3 134500 123928 35170.1 -75777.4 -138916 -114412 -17724.8 90145.4 141142 103092 3.61711e-10 -103092 -141142 -90145.4 17724.8 114412 138916 75777.4 -35170.1 -123928 -134500 -60214.3 52060.7 131490 127962 43701.6 -68130.3 -136978 -119406 -26499.7 83125.4 140306 108967 8879.92 -96809.6 -141421 -96809.6 8879.92 108967 140306 83125.4 -26499.7 -119406 -136978 -68130.3 43701.6 127962 131490 52060.7 -60214.3 -134500 -123928 -35170.1 75777.4 138916 114412 17724.8 -90145.4 -141142 
2.7e-11 106082 140306 79490.6 -35170.1 -126007 -131490 -47904.8 68130.3 138015 114412 13308.9 -96809.6 -141352 -90145.4 22123.2 119406 135806 60214.3 -56165.2 -134500 -121727 -26499.7 86678.1 141142 100000 -8879.92 -111745 -138916 -71989.3 43701.6 129790 127962 39455.3 -75777.4 -139680 -108967 -4442.15 103092 140794 83125.4 -30850.1 -123928 -133061 -52060.7 64204 136978 116967 17724.8 -93523.6 -122474 -93523.6 17724.8 116967 136978 64204 -52060.7 -133061 -123928 -30850.1 83125.4 140794 103092 -4442.15 -108967 -139680 -75777.4 39455.3 127962 129790 43701.6 -71989.3 -138916 -111745 -8879.92 100000 141142 86678.1 -26499.7 -121727 -134500 -56165.2 60214.3 135806 119406 22123.2 -90145.4 -141352 -96809.6 13308.9 114412 138015 68130.3 -47904.8 -131490 -126007 -35170.1 79490.6 140306 
2.8e-11 108967 138916 68130.3 -52060.7 -134500 -119406 -17724.8 96809.6 141142 83125.4 -35170.1 -127962 -127962 -35170.1 83125.4 141142 96809.6 -17724.8 -119406 -134500 -52060.7 68130.3 138916 108967 7.95284e-10 -108967 -138916 -68130.3 52060.7 134500 119406 17724.8 -96809.6 -141142 -83125.4 35170.1 127962 127962 35170.1 -83125.4 -141142 -96809.6 17724.8 119406 134500 52060.7 -68130.3 -138916 -108967 -2.50209e-10 108967 138916 68130.3 -52060.7 -134500 -119406 -17724.8 96809.6 141142 83125.4 -35170.1 -127962 -127962 -35170.1 83125.4 141142 96809.6 -17724.8 -119406 -134500 -52060.7 68130.3 138916 108967 -1.94848e-09 -108967 -138916 -68130.3 52060.7 134500 119406 17724.8 -96809.6 -141142 -83125.4 35170.1 127962 127962 35170.1 -83125.4 -141142 -96809.6 17724.8 119406 134500 52060.7 -68130.3 -138916 
2.9e-11 111745 136978 56165.2 -68130.3 -139680 -103092 13308.9 119406 133061 43701.6 -79490.6 -141142 -93523.6 26499.7 126007 127962 30850.1 -90145.4 -141352 -83125.4 39455.3 131490 121727 17724.8 -100000 -140306 -71989.3 52060.7 135806 114412 4442.15 -108967 -138015 -60214.3 64204 138916 106082 -8879.92 -116967 -134500 -47904.8 75777.4 140794 96809.6 -22123.2 -123928 -129790 -35170.1 86678.1 122474 86678.1 -35170.1 -129790 -123928 -22123.2 96809.6 140794 75777.4 -47904.8 -134500 -116967 -8879.92 106082 138916 64204 -60214.3 -138015 -108967 4442.15 114412 135806 52060.7 -71989.3 -140306 -100000 17724.8 121727 131490 39455.3 -83125.4 -141352 -90145.4 30850.1 127962 126007 26499.7 -93523.6 -141142 -79490.6 43701.6 133061 119406 13308.9 -103092 -139680 -68130.3 56165.2 136978 
3e-11 114412 134500 43701.6 -83125.4 -141421 -83125.4 43701.6 134500 114412 -8.10044e-09 -114412 -134500 -43701.6 83125.4 141421 83125.4 -43701.6 -134500 -114412 3.2394e-09 114412 134500 43701.6 -83125.4 -141421 -83125.4 43701.6 134500 114412 -2.22789e-10 -114412 -134500 -43701.6 83125.4 141421 83125.4 -43701.6 -134500 -114412 -8.10967e-10 114412 134500 43701.6 -83125.4 -141421 -83125.4 43701.6 134500 114412 8.22176e-10 -114412 -134500 -43701.6 83125.4 141421 83125.4 -43701.6 -134500 -114412 2.34691e-09 114412 134500 43701.6 -83125.4 -141421 -83125.4 43701.6 134500 114412 -6.48749e-10 -114412 -134500 -43701.6 83125.4 141421 83125.4 -43701.6 -134500 -114412 -1.96296e-09 114412 134500 43701.6 -83125.4 -141421 -83125.4 43701.6 134500 114412 1.89372e-08 -114412 -134500 -43701.6 83125.4 141421 83125.4 -43701.6 -134500 
3.1e-11 116967 131490 30850.1 -96809.6 -139680 -60214.3 71989.3 141142 86678.1 -43701.6 -135806 -108967 13308.9 123928 126007 17724.8 -106082 -136978 -47904.8 83125.4 141352 75777.4 -56165.2 -138916 -100000 26499.7 129790 119406 4442.15 -114412 -133061 -35170.1 93523.6 140306 64204 -68130.3 -140794 -90145.4 39455.3 134500 111745 -8879.92 -121727 -127962 -22123.2 103092 138015 52060.7 -79490.6 -122474 -79490.6 52060.7 138015 103092 -22123.2 -127962 -121727 -8879.92 111745 134500 39455.3 -90145.4 -140794 -68130.3 64204 140306 93523.6 -35170.1 -133061 -114412 4442.15 119406 129790 26499.7 -100000 -138916 -56165.2 75777.4 141352 83125.4 -47904.8 -136978 -106082 17724.8 126007 123928 13308.9 -108967 -135806 -43701.6 86678.1 141142 71989.3 -60214.3 -139680 -96809.6 30850.1 131490 
3.2e-11 119406 127962 17724.8 -108967 -134500 -35170.1 96809.6 138916 52060.7 -83125.4 -141142 -68130.3 68130.3 141142 83125.4 -52060.7 -138916 -96809.6 35170.1 134500 108967 -17724.8 -127962 -119406 -6.44019e-10 119406 127962 17724.8 -108967 -134500 -35170.1 96809.6 138916 52060.7 -83125.4 -141142 -68130.3 68130.3 141142 83125.4 -52060.7 -138916 -96809.6 35170.1 134500 108967 -17724.8 -127962 -119406 -4.40279e-10 119406 127962 17724.8 -108967 -134500 -35170.1 96809.6 138916 52060.7 -83125.4 -141142 -68130.3 68130.3 141142 83125.4 -52060.7 -138916 -96809.6 35170.1 134500 108967 -17724.8 -127962 -119406 1.87102e-09 119406 127962 17724.8 -108967 -134500 -35170.1 96809.6 138916 52060.7 -83125.4 -141142 -68130.3 68130.3 141142 83125.4 -52060.7 -138916 -96809.6 35170.1 134500 108967 -17724.8 -127962 
3.3e-11 121727 123928 4442.15 -119406 -126007 -8879.92 116967 127962 13308.9 -114412 -129790 -17724.8 111745 131490 22123.2 -108967 -133061 -26499.7 106082 134500 30850.1 -103092 -135806 -35170.1 100000 136978 39455.3 -96809.6 -138015 -43701.6 93523.6 138916 47904.8 -90145.4 -139680 -52060.7 86678.1 140306 56165.2 -83125.4 -140794 -60214.3 79490.6 141142 64204 -75777.4 -141352 -68130.3 71989.3 122474 71989.3 -68130.3 -141352 -75777.4 64204 141142 79490.6 -60214.3 -140794 -83125.4 56165.2 140306 86678.1 -52060.7 -139680 -90145.4 47904.8 138916 93523.6 -43701.6 -138015 -96809.6 39455.3 136978 100000 -35170.1 -135806 -103092 30850.1 134500 106082 -26499.7 -133061 -108967 22123.2 131490 111745 -17724.8 -129790 -114412 13308.9 127962 116967 -8879.92 -126007 -119406 4442.15 123928 
3.4e-11 123928 119406 -8879.92 -127962 -114412 17724.8 131490 108967 -26499.7 -134500 -103092 35170.1 136978 96809.6 -43701.6 -138916 -90145.4 52060.7 140306 83125.4 -60214.3 -141142 -75777.4 68130.3 141421 68130.3 -75777.4 -141142 -60214.3 83125.4 140306 52060.7 -90145.4 -138916 -43701.6 96809.6 136978 35170.1 -103092 -134500 -26499.7 108967 131490 17724.8 -114412 -127962 -8879.92 119406 123928 8.34304e-10 -123928 -119406 8879.92 127962 114412 -17724.8 -131490 -108967 26499.7 134500 103092 -35170.1 -136978 -96809.6 43701.6 138916 90145.4 -52060.7 -140306 -83125.4 60214.3 141142 75777.4 -68130.3 -141421 -68130.3 75777.4 141142 60214.3 -83125.4 -140306 -52060.7 90145.4 138916 43701.6 -96809.6 -136978 -35170.1 103092 134500 26499.7 -108967 -131490 -17724.8 114412 127962 8879.92 -119406 
3.5e-11 126007 114412 -22123.2 -134500 -100000 43701.6 139680 83125.4 -64204 -141421 -64204 83125.4 139680 43701.6 -100000 -134500 -22123.2 114412 126007 -3.78215e-09 -126007 -114412 22123.2 134500 100000 -43701.6 -139680 -83125.4 64204 141421 64204 -83125.4 -139680 -43701.6 100000 134500 22123.2 -114412 -126007 -8.34694e-10 126007 114412 -22123.2 -134500 -100000 43701.6 139680 83125.4 -64204 -122474 -64204 83125.4 139680 43701.6 -100000 -134500 -22123.2 114412 126007 -2.28548e-09 -126007 -114412 22123.2 134500 100000 -43701.6 -139680 -83125.4 64204 141421 64204 -83125.4 -139680 -43701.6 100000 134500 22123.2 -114412 -126007 -1.68852e-09 126007 114412 -22123.2 -134500 -100000 43701.6 139680 83125.4 -64204 -141421 -64204 83125.4 139680 43701.6 -100000 -134500 -22123.2 114412 
3.6e-11 127962 108967 -35170.1 -138916 -83125.4 68130.3 141142 52060.7 -96809.6 -134500 -17724.8 119406 119406 -17724.8 -134500 -96809.6 52060.7 141142 68130.3 -83125.4 -138916 -35170.1 108967 127962 8.2012e-10 -127962 -108967 35170.1 138916 83125.4 -68130.3 -141142 -52060.7 96809.6 134500 17724.8 -119406 -119406 17724.8 134500 96809.6 -52060.7 -141142 -68130.3 83125.4 138916 35170.1 -108967 -127962 -8.80831e-10 127962 108967 -35170.1 -138916 -83125.4 68130.3 141142 52060.7 -96809.6 -134500 -17724.8 119406 119406 -17724.8 -134500 -96809.6 52060.7 141142 68130.3 -83125.4 -138916 -35170.1 108967 127962 -2.8561e-09 -127962 -108967 35170.1 138916 83125.4 -68130.3 -141142 -52060.7 96809.6 134500 17724.8 -119406 -119406 17724.8 134500 96809.6 -52060.7 -141142 -68130.3 83125.4 138916 35170.1 -108967 
3.7e-11 129790 103092 -47904.8 -141142 -64204 90145.4 135806 17724.8 -121727 -114412 30850.1 138916 79490.6 -75777.4 -139680 -35170.1 111745 123928 -13308.9 -134500 -93523.6 60214.3 141352 52060.7 -100000 -131490 -4442.15 127962 106082 -43701.6 -140794 -68130.3 86678.1 136978 22123.2 -119406 -116967 26499.7 138015 83125.4 -71989.3 -140306 -39455.3 108967 126007 -8879.92 -133061 -96809.6 56165.2 122474 56165.2 -96809.6 -133061 -8879.92 126007 108967 -39455.3 -140306 -71989.3 83125.4 138015 26499.7 -116967 -119406 22123.2 136978 86678.1 -68130.3 -140794 -43701.6 106082 127962 -4442.15 -131490 -100000 52060.7 141352 60214.3 -93523.6 -134500 -13308.9 123928 111745 -35170.1 -139680 -75777.4 79490.6 138916 30850.1 -114412 -121727 17724.8 135806 90145.4 -64204 -141142 -47904.8 103092 
3.8e-11 131490 96809.6 -60214.3 -141142 -43701.6 108967 123928 -17724.8 -136978 -83125.4 75777.4 138916 26499.7 -119406 -114412 35170.1 140306 68130.3 -90145.4 -134500 -8879.92 127962 103092 -52060.7 -141421 -52060.7 103092 127962 -8879.92 -134500 -90145.4 68130.3 140306 35170.1 -114412 -119406 26499.7 138916 75777.4 -83125.4 -136978 -17724.8 123928 108967 -43701.6 -141142 -60214.3 96809.6 131490 1.41733e-09 -131490 -96809.6 60214.3 141142 43701.6 -108967 -123928 17724.8 136978 83125.4 -75777.4 -138916 -26499.7 119406 114412 -35170.1 -140306 -68130.3 90145.4 134500 8879.92 -127962 -103092 52060.7 141421 52060.7 -103092 -127962 8879.92 134500 90145.4 -68130.3 -140306 -35170.1 114412 119406 -26499.7 -138916 -75777.4 83125.4 136978 17724.8 -123928 -108967 43701.6 141142 60214.3 -96809.6 
3.9e-11 133061 90145.4 -71989.3 -138916 -22123.2 123928 106082 -52060.7 -141352 -43701.6 111745 119406 -30850.1 -140306 -64204 96809.6 129790 -8879.92 -135806 -83125.4 79490.6 136978 13308.9 -127962 -100000 60214.3 140794 35170.1 -116967 -114412 39455.3 141142 56165.2 -103092 -126007 17724.8 138015 75777.4 -86678.1 -134500 -4442.15 131490 93523.6 -68130.3 -139680 -26499.7 121727 108967 -47904.8 -122474 -47904.8 108967 121727 -26499.7 -139680 -68130.3 93523.6 131490 -4442.15 -134500 -86678.1 75777.4 138015 17724.8 -126007 -103092 56165.2 141142 39455.3 -114412 -116967 35170.1 140794 60214.3 -100000 -127962 13308.9 136978 79490.6 -83125.4 -135806 -8879.92 129790 96809.6 -64204 -140306 -30850.1 119406 111745 -43701.6 -141352 -52060.7 106082 123928 -22123.2 -138916 -71989.3 90145.4 
4e-11 134500 83125.4 -83125.4 -134500 2.62667e-09 134500 83125.4 -83125.4 -134500 5.19421e-09 134500 83125.4 -83125.4 -134500 2.15204e-09 134500 83125.4 -83125.4 -134500 4.19831e-09 134500 83125.4 -83125.4 -134500 -1.10069e-09 134500 83125.4 -83125.4 -134500 1.24526e-10 134500 83125.4 -83125.4 -134500 1.08211e-09 134500 83125.4 -83125.4 -134500 -1.18905e-09 134500 83125.4 -83125.4 -134500 -1.82751e-09 134500 83125.4 -83125.4 -134500 -1.27652e-09 134500 83125.4 -83125.4 -134500 5.51353e-10 134500 83125.4 -83125.4 -134500 1.69593e-09 134500 83125.4 -83125.4 -134500 4.66385e-09 134500 83125.4 -83125.4 -134500 8.81501e-10 134500 83125.4 -83125.4 -134500 3.96946e-09 134500 83125.4 -83125.4 -134500 1.15501e-09 134500 83125.4 -83125.4 -134500 2.58428e-09 134500 83125.4 -83125.4 -134500 -1.49614e-08 134500 83125.4 -83125.4 -134500 3.10505e-11 134500 83125.4 -83125.4 
4.1e-11 135806 75777.4 -93523.6 -127962 22123.2 140306 56165.2 -108967 -116967 43701.6 141352 35170.1 -121727 -103092 64204 138916 13308.9 -131490 -86678.1 83125.4 133061 -8879.92 -138015 -68130.3 100000 123928 -30850.1 -141142 -47904.8 114412 111745 -52060.7 -140794 -26499.7 126007 96809.6 -71989.3 -136978 -4442.15 134500 79490.6 -90145.4 -129790 17724.8 139680 60214.3 -106082 -119406 39455.3 122474 39455.3 -119406 -106082 60214.3 139680 17724.8 -129790 -90145.4 79490.6 134500 -4442.15 -136978 -71989.3 96809.6 126007 -26499.7 -140794 -52060.7 111745 114412 -47904.8 -141142 -30850.1 123928 100000 -68130.3 -138015 -8879.92 133061 83125.4 -86678.1 -131490 13308.9 138916 64204 -103092 -121727 35170.1 141352 43701.6 -116967 -108967 56165.2 140306 22123.2 -127962 -93523.6 75777.4 
4.2e-11 136978 68130.3 -103092 -119406 43701.6 141142 26499.7 -127962 -90145.4 83125.4 131490 -17724.8 -140306 -52060.7 114412 108967 -60214.3 -138916 -8879.92 134500 75777.4 -96809.6 -123928 35170.1 141421 35170.1 -123928 -96809.6 75777.4 134500 -8879.92 -138916 -60214.3 108967 114412 -52060.7 -140306 -17724.8 131490 83125.4 -90145.4 -127962 26499.7 141142 43701.6 -119406 -103092 68130.3 136978 1.83354e-09 -136978 -68130.3 103092 119406 -43701.6 -141142 -26499.7 127962 90145.4 -83125.4 -131490 17724.8 140306 52060.7 -114412 -108967 60214.3 138916 8879.92 -134500 -75777.4 96809.6 123928 -35170.1 -141421 -35170.1 123928 96809.6 -75777.4 -134500 8879.92 138916 60214.3 -108967 -114412 52060.7 140306 17724.8 -131490 -83125.4 90145.4 127962 -26499.7 -141142 -43701.6 119406 103092 -68130.3 
4.3e-11 138015 60214.3 -111745 -108967 64204 136978 -4442.15 -138916 -56165.2 114412 106082 -68130.3 -135806 8879.92 139680 52060.7 -116967 -103092 71989.3 134500 -13308.9 -140306 -47904.8 119406 100000 -75777.4 -133061 17724.8 140794 43701.6 -121727 -96809.6 79490.6 131490 -22123.2 -141142 -39455.3 123928 93523.6 -83125.4 -129790 26499.7 141352 35170.1 -126007 -90145.4 86678.1 127962 -30850.1 -122474 -30850.1 127962 86678.1 -90145.4 -126007 35170.1 141352 26499.7 -129790 -83125.4 93523.6 123928 -39455.3 -141142 -22123.2 131490 79490.6 -96809.6 -121727 43701.6 140794 17724.8 -133061 -75777.4 100000 119406 -47904.8 -140306 -13308.9 134500 71989.3 -103092 -116967 52060.7 139680 8879.92 -135806 -68130.3 106082 114412 -56165.2 -138916 -4442.15 136978 64204 -108967 -111745 60214.3 
4.4e-11 138916 52060.7 -119406 -96809.6 83125.4 127962 -35170.1 -141142 -17724.8 134500 68130.3 -108967 -108967 68130.3 134500 -17724.8 -141142 -35170.1 127962 83125.4 -96809.6 -119406 52060.7 138916 1.31259e-09 -138916 -52060.7 119406 96809.6 -83125.4 -127962 35170.1 141142 17724.8 -134500 -68130.3 108967 108967 -68130.3 -134500 17724.8 141142 35170.1 -127962 -83125.4 96809.6 119406 -52060.7 -138916 -2.04945e-09 138916 52060.7 -119406 -96809.6 83125.4 127962 -35170.1 -141142 -17724.8 134500 68130.3 -108967 -108967 68130.3 134500 -17724.8 -141142 -35170.1 127962 83125.4 -96809.6 -119406 52060.7 138916 -5.7765e-09 -138916 -52060.7 119406 96809.6 -83125.4 -127962 35170.1 141142 17724.8 -134500 -68130.3 108967 108967 -68130.3 -134500 17724.8 141142 35170.1 -127962 -83125.4 96809.6 119406 -52060.7 
4.5e-11 139680 43701.6 -126007 -83125.4 100000 114412 -64204 -134500 22123.2 141421 22123.2 -134500 -64204 114412 100000 -83125.4 -126007 43701.6 139680 -4.84562e-09 -139680 -43701.6 126007 83125.4 -100000 -114412 64204 134500 -22123.2 -141421 -22123.2 134500 64204 -114412 -100000 83125.4 126007 -43701.6 -139680 -1.49946e-09 139680 43701.6 -126007 -83125.4 100000 114412 -64204 -134500 22123.2 122474 22123.2 -134500 -64204 114412 100000 -83125.4 -126007 43701.6 139680 -3.3708e-09 -139680 -43701.6 126007 83125.4 -100000 -114412 64204 134500 -22123.2 -141421 -22123.2 134500 64204 -114412 -100000 83125.4 126007 -43701.6 -139680 3.7201e-09 139680 43701.6 -126007 -83125.4 100000 114412 -64204 -134500 22123.2 141421 22123.2 -134500 -64204 114412 100000 -83125.4 -126007 43701.6 
4.6e-11 140306 35170.1 -131490 -68130.3 114412 96809.6 -90145.4 -119406 60214.3 134500 -26499.7 -141142 -8879.92 138916 43701.6 -127962 -75777.4 108967 103092 -83125.4 -123928 52060.7 136978 -17724.8 -141421 -17724.8 136978 52060.7 -123928 -83125.4 103092 108967 -75777.4 -127962 43701.6 138916 -8879.92 -141142 -26499.7 134500 60214.3 -119406 -90145.4 96809.6 114412 -68130.3 -131490 35170.1 140306 2.22844e-09 -140306 -35170.1 131490 68130.3 -114412 -96809.6 90145.4 119406 -60214.3 -134500 26499.7 141142 8879.92 -138916 -43701.6 127962 75777.4 -108967 -103092 83125.4 123928 -52060.7 -136978 17724.8 141421 17724.8 -136978 -52060.7 123928 83125.4 -103092 -108967 75777.4 127962 -43701.6 -138916 8879.92 141142 26499.7 -134500 -60214.3 119406 90145.4 -96809.6 -114412 68130.3 131490 -35170.1 
4.7e-11 140794 26499.7 -135806 -52060.7 126007 75777.4 -111745 -96809.6 93523.6 114412 -71989.3 -127962 47904.8 136978 -22123.2 -141142 -4442.15 140306 30850.1 -134500 -56165.2 123928 79490.6 -108967 -100000 90145.4 116967 -68130.3 -129790 43701.6 138015 -17724.8 -141352 -8879.92 139680 35170.1 -133061 -60214.3 121727 83125.4 -106082 -103092 86678.1 119406 -64204 -131490 39455.3 138916 -13308.9 -122474 -13308.9 138916 39455.3 -131490 -64204 119406 86678.1 -103092 -106082 83125.4 121727 -60214.3 -133061 35170.1 139680 -8879.92 -141352 -17724.8 138015 43701.6 -129790 -68130.3 116967 90145.4 -100000 -108967 79490.6 123928 -56165.2 -134500 30850.1 140306 -4442.15 -141142 -22123.2 136978 47904.8 -127962 -71989.3 114412 93523.6 -96809.6 -111745 75777.4 126007 -52060.7 -135806 26499.7 
4.8e-11 141142 17724.8 -138916 -35170.1 134500 52060.7 -127962 -68130.3 119406 83125.4 -108967 -96809.6 96809.6 108967 -83125.4 -119406 68130.3 127962 -52060.7 -134500 35170.1 138916 -17724.8 -141142 -1.01106e-09 141142 17724.8 -138916 -35170.1 134500 52060.7 -127962 -68130.3 119406 83125.4 -108967 -96809.6 96809.6 108967 -83125.4 -119406 68130.3 127962 -52060.7 -134500 35170.1 138916 -17724.8 -141142 -1.96064e-09 141142 17724.8 -138916 -35170.1 134500 52060.7 -127962 -68130.3 119406 83125.4 -108967 -96809.6 96809.6 108967 -83125.4 -119406 68130.3 127962 -52060.7 -134500 35170.1 138916 -17724.8 -141142 5.92193e-09 141142 17724.8 -138916 -35170.1 134500 52060.7 -127962 -68130.3 119406 83125.4 -108967 -96809.6 96809.6 108967 -83125.4 -119406 68130.3 127962 -52060.7 -134500 35170.1 138916 -17724.8 
4.9e-11 141352 8879.92 -140794 -17724.8 139680 26499.7 -138015 -35170.1 135806 43701.6 -133061 -52060.7 129790 60214.3 -126007 -68130.3 121727 75777.4 -116967 -83125.4 111745 90145.4 -106082 -96809.6 100000 103092 -93523.6 -108967 86678.1 114412 -79490.6 -119406 71989.3 123928 -64204 -127962 56165.2 131490 -47904.8 -134500 39455.3 136978 -30850.1 -138916 22123.2 140306 -13308.9 -141142 4442.15 122474 4442.15 -141142 -13308.9 140306 22123.2 -138916 -30850.1 136978 39455.3 -134500 -47904.8 131490 56165.2 -127962 -64204 123928 71989.3 -119406 -79490.6 114412 86678.1 -108967 -93523.6 103092 100000 -96809.6 -106082 90145.4 111745 -83125.4 -116967 75777.4 121727 -68130.3 -126007 60214.3 129790 -52060.7 -133061 43701.6 135806 -35170.1 -138015 26499.7 139680 -17724.8 -140794 8879.92 
