0 0 0 0 0 0 0 0 0 0 
1e-10 13819.7 26286.6 36180.3 42532.5 38729.8 42532.5 36180.3 26286.6 13819.7 
2e-10 26286.6 42532.5 42532.5 26286.6 -3.13478e-11 -26286.6 -42532.5 -42532.5 -26286.6 
3e-10 36180.3 42532.5 13819.7 -26286.6 -38729.8 -26286.6 13819.7 42532.5 36180.3 
4e-10 42532.5 26286.6 -26286.6 -42532.5 7.23345e-12 42532.5 26286.6 -26286.6 -42532.5 
5e-10 44721.4 -1.05071e-11 -44721.4 -1.38142e-12 38729.8 -2.27085e-11 -44721.4 5.13478e-11 44721.4 
6e-10 42532.5 -26286.6 -26286.6 42532.5 2.80615e-12 -42532.5 26286.6 26286.6 -42532.5 
7e-10 36180.3 -42532.5 13819.7 26286.6 -38729.8 26286.6 13819.7 -42532.5 36180.3 
8e-10 26286.6 -42532.5 42532.5 -26286.6 -1.89557e-11 26286.6 -42532.5 42532.5 -26286.6 
9e-10 13819.7 -26286.6 36180.3 -42532.5 38729.8 -42532.5 36180.3 -26286.6 13819.7 
1e-09 0 0 0 0 0 0 0 0 0 