0 0 0 0 0 0 0 0 0 0 
1e-11 43701.6 83125.4 114412 134500 122474 134500 114412 83125.4 43701.6 
2e-11 83125.4 134500 134500 83125.4 2.30797e-11 -83125.4 -134500 -134500 -83125.4 
3e-11 114412 134500 43701.6 -83125.4 -122474 -83125.4 43701.6 134500 114412 
4e-11 134500 83125.4 -83125.4 -134500 -3.66708e-11 134500 83125.4 -83125.4 -134500 
5e-11 141421 2.85021e-11 -141421 9.6732e-12 122474 1.04547e-10 -141421 -3.51083e-11 141421 
6e-11 134500 -83125.4 -83125.4 134500 -1.86694e-11 -134500 83125.4 83125.4 -134500 
7e-11 114412 -134500 43701.6 83125.4 -122474 83125.4 43701.6 -134500 114412 
8e-11 83125.4 -134500 134500 -83125.4 2.30988e-12 83125.4 -134500 134500 -83125.4 
9e-11 43701.6 -83125.4 114412 -134500 122474 -134500 114412 -83125.4 43701.6 
1e-10 0 0 0 0 0 0 0 0 0 