0 0 0 0 0 0 0 0 0 0 0 0 0 0 0 0 0 0 0 0 0 0 0 0 0 0 0 0 0 0 0 0 0 0 0 0 0 0 0 0 0 0 0 0 0 0 0 0 0 0 0 0 0 0 0 0 0 0 0 0 0 0 0 0 0 0 0 0 0 0 0 0 0 0 0 0 0 0 0 0 0 0 0 0 0 0 0 0 0 0 0 0 0 0 0 0 0 0 0 0 0 0 0 0 0 0 0 0 0 0 0 0 0 0 0 0 0 0 0 0 0 0 0 0 0 0 0 0 0 0 0 0 0 0 0 0 0 0 0 0 0 0 0 0 0 0 0 0 0 0 0 0 0 0 0 0 0 0 0 0 0 0 0 0 0 0 0 0 0 0 0 0 0 0 0 0 0 0 0 0 0 0 0 0 0 0 0 0 0 0 0 0 0 0 0 0 0 0 0 
0.00502513 0.00158259 0.00316478 0.00474618 0.0063264 0.00790504 0.00948171 0.011056 0.0126276 0.014196 0.0157609 0.0173218 0.0188784 0.0204303 0.0219772 0.0235185 0.025054 0.0265833 0.0281059 0.0296215 0.0311297 0.0326302 0.0341225 0.0356064 0.0370813 0.0385471 0.0400032 0.0414493 0.0428852 0.0443103 0.0457244 0.0471271 0.048518 0.0498969 0.0512633 0.0526169 0.0539575 0.0552845 0.0565978 0.057897 0.0591818 0.0604518 0.0617068 0.0629464 0.0641702 0.0653781 0.0665697 0.0677448 0.0689029 0.0700438 0.0711673 0.0722731 0.0733609 0.0744303 0.0754812 0.0765134 0.0775264 0.0785201 0.0794943 0.0804486 0.0813829 0.0822969 0.0831904 0.0840631 0.084915 0.0857456 0.0865549 0.0873426 0.0881085 0.0888525 0.0895744 0.0902739 0.0909509 0.0916052 0.0922368 0.0928453 0.0934307 0.0939928 0.0945315 0.0950466 0.095538 0.0960057 0.0964494 0.096869 0.0972645 0.0976358 0.0979828 0.0983053 0.0986033 0.0988768 0.0991256 0.0993497 0.0995491 0.0997236 0.0998733 0.0999981 0.100098 0.100173 0.100223 0.100248 0.100248 0.100223 0.100173 0.100098 0.0999981 0.0998733 0.0997236 0.0995491 0.0993497 0.0991256 0.0988768 0.0986033 0.0983053 0.0979828 0.0976358 0.0972645 0.096869 0.0964494 0.0960057 0.095538 0.0950466 0.0945315 0.0939928 0.0934307 0.0928453 0.0922368 0.0916052 0.0909509 0.0902739 0.0895744 0.0888525 0.0881085 0.0873426 0.0865549 0.0857456 0.084915 0.0840631 0.0831904 0.0822969 0.0813829 0.0804486 0.0794943 0.0785201 0.0775264 0.0765134 0.0754812 0.0744303 0.0733609 0.0722731 0.0711673 0.0700438 0.0689029 0.0677448 0.0665697 0.0653781 0.0641702 0.0629464 0.0617068 0.0604518 0.0591818 0.057897 0.0565978 0.0552845 0.0539575 0.0526169 0.0512633 0.0498969 0.048518 0.0471271 0.0457244 0.0443103 0.0428852 0.0414493 0.0400032 0.0385471 0.0370813 0.0356064 0.0341225 0.0326302 0.0311297 0.0296215 0.0281059 0.0265833 0.025054 0.0235185 0.0219772 0.0204303 0.0188784 0.0173218 0.0157609 0.014196 0.0126276 0.011056 0.00948171 0.00790504 0.0063264 0.00474618 0.00316478 0.00158259 
0.0100503 0.00316478 0.0063264 0.00948171 0.0126276 0.0157609 0.0188784 0.0219772 0.025054 0.0281059 0.0311297 0.0341225 0.0370813 0.0400032 0.0428852 0.0457244 0.048518 0.0512633 0.0539575 0.0565978 0.0591818 0.0617068 0.0641702 0.0665697 0.0689029 0.0711673 0.0733609 0.0754812 0.0775264 0.0794943 0.0813829 0.0831904 0.084915 0.0865549 0.0881085 0.0895744 0.0909509 0.0922368 0.0934307 0.0945315 0.095538 0.0964494 0.0972645 0.0979828 0.0986033 0.0991256 0.0995491 0.0998733 0.100098 0.100223 0.100248 0.100173 0.0999981 0.0997236 0.0993497 0.0988768 0.0983053 0.0976358 0.096869 0.0960057 0.0950466 0.0939928 0.0928453 0.0916052 0.0902739 0.0888525 0.0873426 0.0857456 0.0840631 0.0822969 0.0804486 0.0785201 0.0765134 0.0744303 0.0722731 0.0700438 0.0677448 0.0653781 0.0629464 0.0604518 0.057897 0.0552845 0.0526169 0.0498969 0.0471271 0.0443103 0.0414493 0.0385471 0.0356064 0.0326302 0.0296215 0.0265833 0.0235185 0.0204303 0.0173218 0.014196 0.011056 0.00790504 0.00474618 0.00158259 -0.00158259 -0.00474618 -0.00790504 -0.011056 -0.014196 -0.0173218 -0.0204303 -0.0235185 -0.0265833 -0.0296215 -0.0326302 -0.0356064 -0.0385471 -0.0414493 -0.0443103 -0.0471271 -0.0498969 -0.0526169 -0.0552845 -0.057897 -0.0604518 -0.0629464 -0.0653781 -0.0677448 -0.0700438 -0.0722731 -0.0744303 -0.0765134 -0.0785201 -0.0804486 -0.0822969 -0.0840631 -0.0857456 -0.0873426 -0.0888525 -0.0902739 -0.0916052 -0.0928453 -0.0939928 -0.0950466 -0.0960057 -0.096869 -0.0976358 -0.0983053 -0.0988768 -0.0993497 -0.0997236 -0.0999981 -0.100173 -0.100248 -0.100223 -0.100098 -0.0998733 -0.0995491 -0.0991256 -0.0986033 -0.0979828 -0.0972645 -0.0964494 -0.095538 -0.0945315 -0.0934307 -0.0922368 -0.0909509 -0.0895744 -0.0881085 -0.0865549 -0.084915 -0.0831904 -0.0813829 -0.0794943 -0.0775264 -0.0754812 -0.0733609 -0.0711673 -0.0689029 -0.0665697 -0.0641702 -0.0617068 -0.0591818 -0.0565978 -0.0539575 -0.0512633 -0.048518 -0.0457244 -0.0428852 -0.0400032 -0.0370813 -0.0341225 -0.0311297 -0.0281059 -0.025054 -0.0219772 -0.0188784 -0.0157609 -0.0126276 -0.00948171 -0.0063264 -0.00316478 
0.0150754 0.00474618 0.00948171 0.014196 0.0188784 0.0235185 0.0281059 0.0326302 0.0370813 0.0414493 0.0457244 0.0498969 0.0539575 0.057897 0.0617068 0.0653781 0.0689029 0.0722731 0.0754812 0.0785201 0.0813829 0.0840631 0.0865549 0.0888525 0.0909509 0.0928453 0.0945315 0.0960057 0.0972645 0.0983053 0.0991256 0.0997236 0.100098 0.100248 0.100173 0.0998733 0.0993497 0.0986033 0.0976358 0.0964494 0.0950466 0.0934307 0.0916052 0.0895744 0.0873426 0.084915 0.0822969 0.0794943 0.0765134 0.0733609 0.0700438 0.0665697 0.0629464 0.0591818 0.0552845 0.0512633 0.0471271 0.0428852 0.0385471 0.0341225 0.0296215 0.025054 0.0204303 0.0157609 0.011056 0.0063264 0.00158259 -0.00316478 -0.00790504 -0.0126276 -0.0173218 -0.0219772 -0.0265833 -0.0311297 -0.0356064 -0.0400032 -0.0443103 -0.048518 -0.0526169 -0.0565978 -0.0604518 -0.0641702 -0.0677448 -0.0711673 -0.0744303 -0.0775264 -0.0804486 -0.0831904 -0.0857456 -0.0881085 -0.0902739 -0.0922368 -0.0939928 -0.095538 -0.096869 -0.0979828 -0.0988768 -0.0995491 -0.0999981 -0.100223 -0.100223 -0.0999981 -0.0995491 -0.0988768 -0.0979828 -0.096869 -0.095538 -0.0939928 -0.0922368 -0.0902739 -0.0881085 -0.0857456 -0.0831904 -0.0804486 -0.0775264 -0.0744303 -0.0711673 -0.0677448 -0.0641702 -0.0604518 -0.0565978 -0.0526169 -0.048518 -0.0443103 -0.0400032 -0.0356064 -0.0311297 -0.0265833 -0.0219772 -0.0173218 -0.0126276 -0.00790504 -0.00316478 0.00158259 0.0063264 0.011056 0.0157609 0.0204303 0.025054 0.0296215 0.0341225 0.0385471 0.0428852 0.0471271 0.0512633 0.0552845 0.0591818 0.0629464 0.0665697 0.0700438 0.0733609 0.0765134 0.0794943 0.0822969 0.084915 0.0873426 0.0895744 0.0916052 0.0934307 0.0950466 0.0964494 0.0976358 0.0986033 0.0993497 0.0998733 0.100173 0.100248 0.100098 0.0997236 0.0991256 0.0983053 0.0972645 0.0960057 0.0945315 0.0928453 0.0909509 0.0888525 0.0865549 0.0840631 0.0813829 0.0785201 0.0754812 0.0722731 0.0689029 0.0653781 0.0617068 0.057897 0.0539575 0.0498969 0.0457244 0.0414493 0.0370813 0.0326302 0.0281059 0.0235185 0.0188784 0.014196 0.00948171 0.00474618 
0.0201005 0.0063264 0.0126276 0.0188784 0.025054 0.0311297 0.0370813 0.0428852 0.048518 0.0539575 0.0591818 0.0641702 0.0689029 0.0733609 0.0775264 0.0813829 0.084915 0.0881085 0.0909509 0.0934307 0.095538 0.0972645 0.0986033 0.0995491 0.100098 0.100248 0.0999981 0.0993497 0.0983053 0.096869 0.0950466 0.0928453 0.0902739 0.0873426 0.0840631 0.0804486 0.0765134 0.0722731 0.0677448 0.0629464 0.057897 0.0526169 0.0471271 0.0414493 0.0356064 0.0296215 0.0235185 0.0173218 0.011056 0.00474618 -0.00158259 -0.00790504 -0.014196 -0.0204303 -0.0265833 -0.0326302 -0.0385471 -0.0443103 -0.0498969 -0.0552845 -0.0604518 -0.0653781 -0.0700438 -0.0744303 -0.0785201 -0.0822969 -0.0857456 -0.0888525 -0.0916052 -0.0939928 -0.0960057 -0.0976358 -0.0988768 -0.0997236 -0.100173 -0.100223 -0.0998733 -0.0991256 -0.0979828 -0.0964494 -0.0945315 -0.0922368 -0.0895744 -0.0865549 -0.0831904 -0.0794943 -0.0754812 -0.0711673 -0.0665697 -0.0617068 -0.0565978 -0.0512633 -0.0457244 -0.0400032 -0.0341225 -0.0281059 -0.0219772 -0.0157609 -0.00948171 -0.00316478 0.00316478 0.00948171 0.0157609 0.0219772 0.0281059 0.0341225 0.0400032 0.0457244 0.0512633 0.0565978 0.0617068 0.0665697 0.0711673 0.0754812 0.0794943 0.0831904 0.0865549 0.0895744 0.0922368 0.0945315 0.0964494 0.0979828 0.0991256 0.0998733 0.100223 0.100173 0.0997236 0.0988768 0.0976358 0.0960057 0.0939928 0.0916052 0.0888525 0.0857456 0.0822969 0.0785201 0.0744303 0.0700438 0.0653781 0.0604518 0.0552845 0.0498969 0.0443103 0.0385471 0.0326302 0.0265833 0.0204303 0.014196 0.00790504 0.00158259 -0.00474618 -0.011056 -0.0173218 -0.0235185 -0.0296215 -0.0356064 -0.0414493 -0.0471271 -0.0526169 -0.057897 -0.0629464 -0.0677448 -0.0722731 -0.0765134 -0.0804486 -0.0840631 -0.0873426 -0.0902739 -0.0928453 -0.0950466 -0.096869 -0.0983053 -0.0993497 -0.0999981 -0.100248 -0.100098 -0.0995491 -0.0986033 -0.0972645 -0.095538 -0.0934307 -0.0909509 -0.0881085 -0.084915 -0.0813829 -0.0775264 -0.0733609 -0.0689029 -0.0641702 -0.0591818 -0.0539575 -0.048518 -0.0428852 -0.0370813 -0.0311297 -0.025054 -0.0188784 -0.0126276 -0.0063264 
0.0251256 0.00790504 0.0157609 0.0235185 0.0311297 0.0385471 0.0457244 0.0526169 0.0591818 0.0653781 0.0711673 0.0765134 0.0813829 0.0857456 0.0895744 0.0928453 0.095538 0.0976358 0.0991256 0.0999981 0.100248 0.0998733 0.0988768 0.0972645 0.0950466 0.0922368 0.0888525 0.084915 0.0804486 0.0754812 0.0700438 0.0641702 0.057897 0.0512633 0.0443103 0.0370813 0.0296215 0.0219772 0.014196 0.0063264 -0.00158259 -0.00948171 -0.0173218 -0.025054 -0.0326302 -0.0400032 -0.0471271 -0.0539575 -0.0604518 -0.0665697 -0.0722731 -0.0775264 -0.0822969 -0.0865549 -0.0902739 -0.0934307 -0.0960057 -0.0979828 -0.0993497 -0.100098 -0.100223 -0.0997236 -0.0986033 -0.096869 -0.0945315 -0.0916052 -0.0881085 -0.0840631 -0.0794943 -0.0744303 -0.0689029 -0.0629464 -0.0565978 -0.0498969 -0.0428852 -0.0356064 -0.0281059 -0.0204303 -0.0126276 -0.00474618 0.00316478 0.011056 0.0188784 0.0265833 0.0341225 0.0414493 0.048518 0.0552845 0.0617068 0.0677448 0.0733609 0.0785201 0.0831904 0.0873426 0.0909509 0.0939928 0.0964494 0.0983053 0.0995491 0.100173 0.100173 0.0995491 0.0983053 0.0964494 0.0939928 0.0909509 0.0873426 0.0831904 0.0785201 0.0733609 0.0677448 0.0617068 0.0552845 0.048518 0.0414493 0.0341225 0.0265833 0.0188784 0.011056 0.00316478 -0.00474618 -0.0126276 -0.0204303 -0.0281059 -0.0356064 -0.0428852 -0.0498969 -0.0565978 -0.0629464 -0.0689029 -0.0744303 -0.0794943 -0.0840631 -0.0881085 -0.0916052 -0.0945315 -0.096869 -0.0986033 -0.0997236 -0.100223 -0.100098 -0.0993497 -0.0979828 -0.0960057 -0.0934307 -0.0902739 -0.0865549 -0.0822969 -0.0775264 -0.0722731 -0.0665697 -0.0604518 -0.0539575 -0.0471271 -0.0400032 -0.0326302 -0.025054 -0.0173218 -0.00948171 -0.00158259 0.0063264 0.014196 0.0219772 0.0296215 0.0370813 0.0443103 0.0512633 0.057897 0.0641702 0.0700438 0.0754812 0.0804486 0.084915 0.0888525 0.0922368 0.0950466 0.0972645 0.0988768 0.0998733 0.100248 0.0999981 0.0991256 0.0976358 0.095538 0.0928453 0.0895744 0.0857456 0.0813829 0.0765134 0.0711673 0.0653781 0.0591818 0.0526169 0.0457244 0.0385471 0.0311297 0.0235185 0.0157609 0.00790504 
0.0301508 0.00948171 0.0188784 0.0281059 0.0370813 0.0457244 0.0539575 0.0617068 0.0689029 0.0754812 0.0813829 0.0865549 0.0909509 0.0945315 0.0972645 0.0991256 0.100098 0.100173 0.0993497 0.0976358 0.0950466 0.0916052 0.0873426 0.0822969 0.0765134 0.0700438 0.0629464 0.0552845 0.0471271 0.0385471 0.0296215 0.0204303 0.011056 0.00158259 -0.00790504 -0.0173218 -0.0265833 -0.0356064 -0.0443103 -0.0526169 -0.0604518 -0.0677448 -0.0744303 -0.0804486 -0.0857456 -0.0902739 -0.0939928 -0.096869 -0.0988768 -0.0999981 -0.100223 -0.0995491 -0.0979828 -0.095538 -0.0922368 -0.0881085 -0.0831904 -0.0775264 -0.0711673 -0.0641702 -0.0565978 -0.048518 -0.0400032 -0.0311297 -0.0219772 -0.0126276 -0.00316478 0.0063264 0.0157609 0.025054 0.0341225 0.0428852 0.0512633 0.0591818 0.0665697 0.0733609 0.0794943 0.084915 0.0895744 0.0934307 0.0964494 0.0986033 0.0998733 0.100248 0.0997236 0.0983053 0.0960057 0.0928453 0.0888525 0.0840631 0.0785201 0.0722731 0.0653781 0.057897 0.0498969 0.0414493 0.0326302 0.0235185 0.014196 0.00474618 -0.00474618 -0.014196 -0.0235185 -0.0326302 -0.0414493 -0.0498969 -0.057897 -0.0653781 -0.0722731 -0.0785201 -0.0840631 -0.0888525 -0.0928453 -0.0960057 -0.0983053 -0.0997236 -0.100248 -0.0998733 -0.0986033 -0.0964494 -0.0934307 -0.0895744 -0.084915 -0.0794943 -0.0733609 -0.0665697 -0.0591818 -0.0512633 -0.0428852 -0.0341225 -0.025054 -0.0157609 -0.0063264 0.00316478 0.0126276 0.0219772 0.0311297 0.0400032 0.048518 0.0565978 0.0641702 0.0711673 0.0775264 0.0831904 0.0881085 0.0922368 0.095538 0.0979828 0.0995491 0.100223 0.0999981 0.0988768 0.096869 0.0939928 0.0902739 0.0857456 0.0804486 0.0744303 0.0677448 0.0604518 0.0526169 0.0443103 0.0356064 0.0265833 0.0173218 0.00790504 -0.00158259 -0.011056 -0.0204303 -0.0296215 -0.0385471 -0.0471271 -0.0552845 -0.0629464 -0.0700438 -0.0765134 -0.0822969 -0.0873426 -0.0916052 -0.0950466 -0.0976358 -0.0993497 -0.100173 -0.100098 -0.0991256 -0.0972645 -0.0945315 -0.0909509 -0.0865549 -0.0813829 -0.0754812 -0.0689029 -0.0617068 -0.0539575 -0.0457244 -0.0370813 -0.0281059 -0.0188784 -0.00948171 
0.0351759 0.011056 0.0219772 0.0326302 0.0428852 0.0526169 0.0617068 0.0700438 0.0775264 0.0840631 0.0895744 0.0939928 0.0972645 0.0993497 0.100223 0.0998733 0.0983053 0.095538 0.0916052 0.0865549 0.0804486 0.0733609 0.0653781 0.0565978 0.0471271 0.0370813 0.0265833 0.0157609 0.00474618 -0.0063264 -0.0173218 -0.0281059 -0.0385471 -0.048518 -0.057897 -0.0665697 -0.0744303 -0.0813829 -0.0873426 -0.0922368 -0.0960057 -0.0986033 -0.0999981 -0.100173 -0.0991256 -0.096869 -0.0934307 -0.0888525 -0.0831904 -0.0765134 -0.0689029 -0.0604518 -0.0512633 -0.0414493 -0.0311297 -0.0204303 -0.00948171 0.00158259 0.0126276 0.0235185 0.0341225 0.0443103 0.0539575 0.0629464 0.0711673 0.0785201 0.084915 0.0902739 0.0945315 0.0976358 0.0995491 0.100248 0.0997236 0.0979828 0.0950466 0.0909509 0.0857456 0.0794943 0.0722731 0.0641702 0.0552845 0.0457244 0.0356064 0.025054 0.014196 0.00316478 -0.00790504 -0.0188784 -0.0296215 -0.0400032 -0.0498969 -0.0591818 -0.0677448 -0.0754812 -0.0822969 -0.0881085 -0.0928453 -0.0964494 -0.0988768 -0.100098 -0.100098 -0.0988768 -0.0964494 -0.0928453 -0.0881085 -0.0822969 -0.0754812 -0.0677448 -0.0591818 -0.0498969 -0.0400032 -0.0296215 -0.0188784 -0.00790504 0.00316478 0.014196 0.025054 0.0356064 0.0457244 0.0552845 0.0641702 0.0722731 0.0794943 0.0857456 0.0909509 0.0950466 0.0979828 0.0997236 0.100248 0.0995491 0.0976358 0.0945315 0.0902739 0.084915 0.0785201 0.0711673 0.0629464 0.0539575 0.0443103 0.0341225 0.0235185 0.0126276 0.00158259 -0.00948171 -0.0204303 -0.0311297 -0.0414493 -0.0512633 -0.0604518 -0.0689029 -0.0765134 -0.0831904 -0.0888525 -0.0934307 -0.096869 -0.0991256 -0.100173 -0.0999981 -0.0986033 -0.0960057 -0.0922368 -0.0873426 -0.0813829 -0.0744303 -0.0665697 -0.057897 -0.048518 -0.0385471 -0.0281059 -0.0173218 -0.0063264 0.00474618 0.0157609 0.0265833 0.0370813 0.0471271 0.0565978 0.0653781 0.0733609 0.0804486 0.0865549 0.0916052 0.095538 0.0983053 0.0998733 0.100223 0.0993497 0.0972645 0.0939928 0.0895744 0.0840631 0.0775264 0.0700438 0.0617068 0.0526169 0.0428852 0.0326302 0.0219772 0.011056 
0.040201 0.0126276 0.025054 0.0370813 0.048518 0.0591818 0.0689029 0.0775264 0.084915 0.0909509 0.095538 0.0986033 0.100098 0.0999981 0.0983053 0.0950466 0.0902739 0.0840631 0.0765134 0.0677448 0.057897 0.0471271 0.0356064 0.0235185 0.011056 -0.00158259 -0.014196 -0.0265833 -0.0385471 -0.0498969 -0.0604518 -0.0700438 -0.0785201 -0.0857456 -0.0916052 -0.0960057 -0.0988768 -0.100173 -0.0998733 -0.0979828 -0.0945315 -0.0895744 -0.0831904 -0.0754812 -0.0665697 -0.0565978 -0.0457244 -0.0341225 -0.0219772 -0.00948171 0.00316478 0.0157609 0.0281059 0.0400032 0.0512633 0.0617068 0.0711673 0.0794943 0.0865549 0.0922368 0.0964494 0.0991256 0.100223 0.0997236 0.0976358 0.0939928 0.0888525 0.0822969 0.0744303 0.0653781 0.0552845 0.0443103 0.0326302 0.0204303 0.00790504 -0.00474618 -0.0173218 -0.0296215 -0.0414493 -0.0526169 -0.0629464 -0.0722731 -0.0804486 -0.0873426 -0.0928453 -0.096869 -0.0993497 -0.100248 -0.0995491 -0.0972645 -0.0934307 -0.0881085 -0.0813829 -0.0733609 -0.0641702 -0.0539575 -0.0428852 -0.0311297 -0.0188784 -0.0063264 0.0063264 0.0188784 0.0311297 0.0428852 0.0539575 0.0641702 0.0733609 0.0813829 0.0881085 0.0934307 0.0972645 0.0995491 0.100248 0.0993497 0.096869 0.0928453 0.0873426 0.0804486 0.0722731 0.0629464 0.0526169 0.0414493 0.0296215 0.0173218 0.00474618 -0.00790504 -0.0204303 -0.0326302 -0.0443103 -0.0552845 -0.0653781 -0.0744303 -0.0822969 -0.0888525 -0.0939928 -0.0976358 -0.0997236 -0.100223 -0.0991256 -0.0964494 -0.0922368 -0.0865549 -0.0794943 -0.0711673 -0.0617068 -0.0512633 -0.0400032 -0.0281059 -0.0157609 -0.00316478 0.00948171 0.0219772 0.0341225 0.0457244 0.0565978 0.0665697 0.0754812 0.0831904 0.0895744 0.0945315 0.0979828 0.0998733 0.100173 0.0988768 0.0960057 0.0916052 0.0857456 0.0785201 0.0700438 0.0604518 0.0498969 0.0385471 0.0265833 0.014196 0.00158259 -0.011056 -0.0235185 -0.0356064 -0.0471271 -0.057897 -0.0677448 -0.0765134 -0.0840631 -0.0902739 -0.0950466 -0.0983053 -0.0999981 -0.100098 -0.0986033 -0.095538 -0.0909509 -0.084915 -0.0775264 -0.0689029 -0.0591818 -0.048518 -0.0370813 -0.025054 -0.0126276 
0.0452261 0.014196 0.0281059 0.0414493 0.0539575 0.0653781 0.0754812 0.0840631 0.0909509 0.0960057 0.0991256 0.100248 0.0993497 0.0964494 0.0916052 0.084915 0.0765134 0.0665697 0.0552845 0.0428852 0.0296215 0.0157609 0.00158259 -0.0126276 -0.0265833 -0.0400032 -0.0526169 -0.0641702 -0.0744303 -0.0831904 -0.0902739 -0.095538 -0.0988768 -0.100223 -0.0995491 -0.096869 -0.0922368 -0.0857456 -0.0775264 -0.0677448 -0.0565978 -0.0443103 -0.0311297 -0.0173218 -0.00316478 0.011056 0.025054 0.0385471 0.0512633 0.0629464 0.0733609 0.0822969 0.0895744 0.0950466 0.0986033 0.100173 0.0997236 0.0972645 0.0928453 0.0865549 0.0785201 0.0689029 0.057897 0.0457244 0.0326302 0.0188784 0.00474618 -0.00948171 -0.0235185 -0.0370813 -0.0498969 -0.0617068 -0.0722731 -0.0813829 -0.0888525 -0.0945315 -0.0983053 -0.100098 -0.0998733 -0.0976358 -0.0934307 -0.0873426 -0.0794943 -0.0700438 -0.0591818 -0.0471271 -0.0341225 -0.0204303 -0.0063264 0.00790504 0.0219772 0.0356064 0.048518 0.0604518 0.0711673 0.0804486 0.0881085 0.0939928 0.0979828 0.0999981 0.0999981 0.0979828 0.0939928 0.0881085 0.0804486 0.0711673 0.0604518 0.048518 0.0356064 0.0219772 0.00790504 -0.0063264 -0.0204303 -0.0341225 -0.0471271 -0.0591818 -0.0700438 -0.0794943 -0.0873426 -0.0934307 -0.0976358 -0.0998733 -0.100098 -0.0983053 -0.0945315 -0.0888525 -0.0813829 -0.0722731 -0.0617068 -0.0498969 -0.0370813 -0.0235185 -0.00948171 0.00474618 0.0188784 0.0326302 0.0457244 0.057897 0.0689029 0.0785201 0.0865549 0.0928453 0.0972645 0.0997236 0.100173 0.0986033 0.0950466 0.0895744 0.0822969 0.0733609 0.0629464 0.0512633 0.0385471 0.025054 0.011056 -0.00316478 -0.0173218 -0.0311297 -0.0443103 -0.0565978 -0.0677448 -0.0775264 -0.0857456 -0.0922368 -0.096869 -0.0995491 -0.100223 -0.0988768 -0.095538 -0.0902739 -0.0831904 -0.0744303 -0.0641702 -0.0526169 -0.0400032 -0.0265833 -0.0126276 0.00158259 0.0157609 0.0296215 0.0428852 0.0552845 0.0665697 0.0765134 0.084915 0.0916052 0.0964494 0.0993497 0.100248 0.0991256 0.0960057 0.0909509 0.0840631 0.0754812 0.0653781 0.0539575 0.0414493 0.0281059 0.014196 
0.0502513 0.0157609 0.0311297 0.0457244 0.0591818 0.0711673 0.0813829 0.0895744 0.095538 0.0991256 0.100248 0.0988768 0.0950466 0.0888525 0.0804486 0.0700438 0.057897 0.0443103 0.0296215 0.014196 -0.00158259 -0.0173218 -0.0326302 -0.0471271 -0.0604518 -0.0722731 -0.0822969 -0.0902739 -0.0960057 -0.0993497 -0.100223 -0.0986033 -0.0945315 -0.0881085 -0.0794943 -0.0689029 -0.0565978 -0.0428852 -0.0281059 -0.0126276 0.00316478 0.0188784 0.0341225 0.048518 0.0617068 0.0733609 0.0831904 0.0909509 0.0964494 0.0995491 0.100173 0.0983053 0.0939928 0.0873426 0.0785201 0.0677448 0.0552845 0.0414493 0.0265833 0.011056 -0.00474618 -0.0204303 -0.0356064 -0.0498969 -0.0629464 -0.0744303 -0.0840631 -0.0916052 -0.096869 -0.0997236 -0.100098 -0.0979828 -0.0934307 -0.0865549 -0.0775264 -0.0665697 -0.0539575 -0.0400032 -0.025054 -0.00948171 0.0063264 0.0219772 0.0370813 0.0512633 0.0641702 0.0754812 0.084915 0.0922368 0.0972645 0.0998733 0.0999981 0.0976358 0.0928453 0.0857456 0.0765134 0.0653781 0.0526169 0.0385471 0.0235185 0.00790504 -0.00790504 -0.0235185 -0.0385471 -0.0526169 -0.0653781 -0.0765134 -0.0857456 -0.0928453 -0.0976358 -0.0999981 -0.0998733 -0.0972645 -0.0922368 -0.084915 -0.0754812 -0.0641702 -0.0512633 -0.0370813 -0.0219772 -0.0063264 0.00948171 0.025054 0.0400032 0.0539575 0.0665697 0.0775264 0.0865549 0.0934307 0.0979828 0.100098 0.0997236 0.096869 0.0916052 0.0840631 0.0744303 0.0629464 0.0498969 0.0356064 0.0204303 0.00474618 -0.011056 -0.0265833 -0.0414493 -0.0552845 -0.0677448 -0.0785201 -0.0873426 -0.0939928 -0.0983053 -0.100173 -0.0995491 -0.0964494 -0.0909509 -0.0831904 -0.0733609 -0.0617068 -0.048518 -0.0341225 -0.0188784 -0.00316478 0.0126276 0.0281059 0.0428852 0.0565978 0.0689029 0.0794943 0.0881085 0.0945315 0.0986033 0.100223 0.0993497 0.0960057 0.0902739 0.0822969 0.0722731 0.0604518 0.0471271 0.0326302 0.0173218 0.00158259 -0.014196 -0.0296215 -0.0443103 -0.057897 -0.0700438 -0.0804486 -0.0888525 -0.0950466 -0.0988768 -0.100248 -0.0991256 -0.095538 -0.0895744 -0.0813829 -0.0711673 -0.0591818 -0.0457244 -0.0311297 -0.0157609 
0.0552764 0.0173218 0.0341225 0.0498969 0.0641702 0.0765134 0.0865549 0.0939928 0.0986033 0.100248 0.0988768 0.0945315 0.0873426 0.0775264 0.0653781 0.0512633 0.0356064 0.0188784 0.00158259 -0.0157609 -0.0326302 -0.048518 -0.0629464 -0.0754812 -0.0857456 -0.0934307 -0.0983053 -0.100223 -0.0991256 -0.0950466 -0.0881085 -0.0785201 -0.0665697 -0.0526169 -0.0370813 -0.0204303 -0.00316478 0.014196 0.0311297 0.0471271 0.0617068 0.0744303 0.084915 0.0928453 0.0979828 0.100173 0.0993497 0.095538 0.0888525 0.0794943 0.0677448 0.0539575 0.0385471 0.0219772 0.00474618 -0.0126276 -0.0296215 -0.0457244 -0.0604518 -0.0733609 -0.0840631 -0.0922368 -0.0976358 -0.100098 -0.0995491 -0.0960057 -0.0895744 -0.0804486 -0.0689029 -0.0552845 -0.0400032 -0.0235185 -0.0063264 0.011056 0.0281059 0.0443103 0.0591818 0.0722731 0.0831904 0.0916052 0.0972645 0.0999981 0.0997236 0.0964494 0.0902739 0.0813829 0.0700438 0.0565978 0.0414493 0.025054 0.00790504 -0.00948171 -0.0265833 -0.0428852 -0.057897 -0.0711673 -0.0822969 -0.0909509 -0.096869 -0.0998733 -0.0998733 -0.096869 -0.0909509 -0.0822969 -0.0711673 -0.057897 -0.0428852 -0.0265833 -0.00948171 0.00790504 0.025054 0.0414493 0.0565978 0.0700438 0.0813829 0.0902739 0.0964494 0.0997236 0.0999981 0.0972645 0.0916052 0.0831904 0.0722731 0.0591818 0.0443103 0.0281059 0.011056 -0.0063264 -0.0235185 -0.0400032 -0.0552845 -0.0689029 -0.0804486 -0.0895744 -0.0960057 -0.0995491 -0.100098 -0.0976358 -0.0922368 -0.0840631 -0.0733609 -0.0604518 -0.0457244 -0.0296215 -0.0126276 0.00474618 0.0219772 0.0385471 0.0539575 0.0677448 0.0794943 0.0888525 0.095538 0.0993497 0.100173 0.0979828 0.0928453 0.084915 0.0744303 0.0617068 0.0471271 0.0311297 0.014196 -0.00316478 -0.0204303 -0.0370813 -0.0526169 -0.0665697 -0.0785201 -0.0881085 -0.0950466 -0.0991256 -0.100223 -0.0983053 -0.0934307 -0.0857456 -0.0754812 -0.0629464 -0.048518 -0.0326302 -0.0157609 0.00158259 0.0188784 0.0356064 0.0512633 0.0653781 0.0775264 0.0873426 0.0945315 0.0988768 0.100248 0.0986033 0.0939928 0.0865549 0.0765134 0.0641702 0.0498969 0.0341225 0.0173218 
0.0603015 0.0188784 0.0370813 0.0539575 0.0689029 0.0813829 0.0909509 0.0972645 0.100098 0.0993497 0.0950466 0.0873426 0.0765134 0.0629464 0.0471271 0.0296215 0.011056 -0.00790504 -0.0265833 -0.0443103 -0.0604518 -0.0744303 -0.0857456 -0.0939928 -0.0988768 -0.100223 -0.0979828 -0.0922368 -0.0831904 -0.0711673 -0.0565978 -0.0400032 -0.0219772 -0.00316478 0.0157609 0.0341225 0.0512633 0.0665697 0.0794943 0.0895744 0.0964494 0.0998733 0.0997236 0.0960057 0.0888525 0.0785201 0.0653781 0.0498969 0.0326302 0.014196 -0.00474618 -0.0235185 -0.0414493 -0.057897 -0.0722731 -0.0840631 -0.0928453 -0.0983053 -0.100248 -0.0986033 -0.0934307 -0.084915 -0.0733609 -0.0591818 -0.0428852 -0.025054 -0.0063264 0.0126276 0.0311297 0.048518 0.0641702 0.0775264 0.0881085 0.095538 0.0995491 0.0999981 0.096869 0.0902739 0.0804486 0.0677448 0.0526169 0.0356064 0.0173218 -0.00158259 -0.0204303 -0.0385471 -0.0552845 -0.0700438 -0.0822969 -0.0916052 -0.0976358 -0.100173 -0.0991256 -0.0945315 -0.0865549 -0.0754812 -0.0617068 -0.0457244 -0.0281059 -0.00948171 0.00948171 0.0281059 0.0457244 0.0617068 0.0754812 0.0865549 0.0945315 0.0991256 0.100173 0.0976358 0.0916052 0.0822969 0.0700438 0.0552845 0.0385471 0.0204303 0.00158259 -0.0173218 -0.0356064 -0.0526169 -0.0677448 -0.0804486 -0.0902739 -0.096869 -0.0999981 -0.0995491 -0.095538 -0.0881085 -0.0775264 -0.0641702 -0.048518 -0.0311297 -0.0126276 0.0063264 0.025054 0.0428852 0.0591818 0.0733609 0.084915 0.0934307 0.0986033 0.100248 0.0983053 0.0928453 0.0840631 0.0722731 0.057897 0.0414493 0.0235185 0.00474618 -0.014196 -0.0326302 -0.0498969 -0.0653781 -0.0785201 -0.0888525 -0.0960057 -0.0997236 -0.0998733 -0.0964494 -0.0895744 -0.0794943 -0.0665697 -0.0512633 -0.0341225 -0.0157609 0.00316478 0.0219772 0.0400032 0.0565978 0.0711673 0.0831904 0.0922368 0.0979828 0.100223 0.0988768 0.0939928 0.0857456 0.0744303 0.0604518 0.0443103 0.0265833 0.00790504 -0.011056 -0.0296215 -0.0471271 -0.0629464 -0.0765134 -0.0873426 -0.0950466 -0.0993497 -0.100098 -0.0972645 -0.0909509 -0.0813829 -0.0689029 -0.0539575 -0.0370813 -0.0188784 
0.0653266 0.0204303 0.0400032 0.057897 0.0733609 0.0857456 0.0945315 0.0993497 0.0999981 0.0964494 0.0888525 0.0775264 0.0629464 0.0457244 0.0265833 0.0063264 -0.014196 -0.0341225 -0.0526169 -0.0689029 -0.0822969 -0.0922368 -0.0983053 -0.100248 -0.0979828 -0.0916052 -0.0813829 -0.0677448 -0.0512633 -0.0326302 -0.0126276 0.00790504 0.0281059 0.0471271 0.0641702 0.0785201 0.0895744 0.096869 0.100098 0.0991256 0.0939928 0.084915 0.0722731 0.0565978 0.0385471 0.0188784 -0.00158259 -0.0219772 -0.0414493 -0.0591818 -0.0744303 -0.0865549 -0.0950466 -0.0995491 -0.0998733 -0.0960057 -0.0881085 -0.0765134 -0.0617068 -0.0443103 -0.025054 -0.00474618 0.0157609 0.0356064 0.0539575 0.0700438 0.0831904 0.0928453 0.0986033 0.100223 0.0976358 0.0909509 0.0804486 0.0665697 0.0498969 0.0311297 0.011056 -0.00948171 -0.0296215 -0.048518 -0.0653781 -0.0794943 -0.0902739 -0.0972645 -0.100173 -0.0988768 -0.0934307 -0.0840631 -0.0711673 -0.0552845 -0.0370813 -0.0173218 0.00316478 0.0235185 0.0428852 0.0604518 0.0754812 0.0873426 0.095538 0.0997236 0.0997236 0.095538 0.0873426 0.0754812 0.0604518 0.0428852 0.0235185 0.00316478 -0.0173218 -0.0370813 -0.0552845 -0.0711673 -0.0840631 -0.0934307 -0.0988768 -0.100173 -0.0972645 -0.0902739 -0.0794943 -0.0653781 -0.048518 -0.0296215 -0.00948171 0.011056 0.0311297 0.0498969 0.0665697 0.0804486 0.0909509 0.0976358 0.100223 0.0986033 0.0928453 0.0831904 0.0700438 0.0539575 0.0356064 0.0157609 -0.00474618 -0.025054 -0.0443103 -0.0617068 -0.0765134 -0.0881085 -0.0960057 -0.0998733 -0.0995491 -0.0950466 -0.0865549 -0.0744303 -0.0591818 -0.0414493 -0.0219772 -0.00158259 0.0188784 0.0385471 0.0565978 0.0722731 0.084915 0.0939928 0.0991256 0.100098 0.096869 0.0895744 0.0785201 0.0641702 0.0471271 0.0281059 0.00790504 -0.0126276 -0.0326302 -0.0512633 -0.0677448 -0.0813829 -0.0916052 -0.0979828 -0.100248 -0.0983053 -0.0922368 -0.0822969 -0.0689029 -0.0526169 -0.0341225 -0.014196 0.0063264 0.0265833 0.0457244 0.0629464 0.0775264 0.0888525 0.0964494 0.0999981 0.0993497 0.0945315 0.0857456 0.0733609 0.057897 0.0400032 0.0204303 
0.0703518 0.0219772 0.0428852 0.0617068 0.0775264 0.0895744 0.0972645 0.100223 0.0983053 0.0916052 0.0804486 0.0653781 0.0471271 0.0265833 0.00474618 -0.0173218 -0.0385471 -0.057897 -0.0744303 -0.0873426 -0.0960057 -0.0999981 -0.0991256 -0.0934307 -0.0831904 -0.0689029 -0.0512633 -0.0311297 -0.00948171 0.0126276 0.0341225 0.0539575 0.0711673 0.084915 0.0945315 0.0995491 0.0997236 0.0950466 0.0857456 0.0722731 0.0552845 0.0356064 0.014196 -0.00790504 -0.0296215 -0.0498969 -0.0677448 -0.0822969 -0.0928453 -0.0988768 -0.100098 -0.0964494 -0.0881085 -0.0754812 -0.0591818 -0.0400032 -0.0188784 0.00316478 0.025054 0.0457244 0.0641702 0.0794943 0.0909509 0.0979828 0.100248 0.0976358 0.0902739 0.0785201 0.0629464 0.0443103 0.0235185 0.00158259 -0.0204303 -0.0414493 -0.0604518 -0.0765134 -0.0888525 -0.096869 -0.100173 -0.0986033 -0.0922368 -0.0813829 -0.0665697 -0.048518 -0.0281059 -0.0063264 0.0157609 0.0370813 0.0565978 0.0733609 0.0865549 0.095538 0.0998733 0.0993497 0.0939928 0.0840631 0.0700438 0.0526169 0.0326302 0.011056 -0.011056 -0.0326302 -0.0526169 -0.0700438 -0.0840631 -0.0939928 -0.0993497 -0.0998733 -0.095538 -0.0865549 -0.0733609 -0.0565978 -0.0370813 -0.0157609 0.0063264 0.0281059 0.048518 0.0665697 0.0813829 0.0922368 0.0986033 0.100173 0.096869 0.0888525 0.0765134 0.0604518 0.0414493 0.0204303 -0.00158259 -0.0235185 -0.0443103 -0.0629464 -0.0785201 -0.0902739 -0.0976358 -0.100248 -0.0979828 -0.0909509 -0.0794943 -0.0641702 -0.0457244 -0.025054 -0.00316478 0.0188784 0.0400032 0.0591818 0.0754812 0.0881085 0.0964494 0.100098 0.0988768 0.0928453 0.0822969 0.0677448 0.0498969 0.0296215 0.00790504 -0.014196 -0.0356064 -0.0552845 -0.0722731 -0.0857456 -0.0950466 -0.0997236 -0.0995491 -0.0945315 -0.084915 -0.0711673 -0.0539575 -0.0341225 -0.0126276 0.00948171 0.0311297 0.0512633 0.0689029 0.0831904 0.0934307 0.0991256 0.0999981 0.0960057 0.0873426 0.0744303 0.057897 0.0385471 0.0173218 -0.00474618 -0.0265833 -0.0471271 -0.0653781 -0.0804486 -0.0916052 -0.0983053 -0.100223 -0.0972645 -0.0895744 -0.0775264 -0.0617068 -0.0428852 -0.0219772 
0.0753769 0.0235185 0.0457244 0.0653781 0.0813829 0.0928453 0.0991256 0.0998733 0.0950466 0.084915 0.0700438 0.0512633 0.0296215 0.0063264 -0.0173218 -0.0400032 -0.0604518 -0.0775264 -0.0902739 -0.0979828 -0.100223 -0.096869 -0.0881085 -0.0744303 -0.0565978 -0.0356064 -0.0126276 0.011056 0.0341225 0.0552845 0.0733609 0.0873426 0.0964494 0.100173 0.0983053 0.0909509 0.0785201 0.0617068 0.0414493 0.0188784 -0.00474618 -0.0281059 -0.0498969 -0.0689029 -0.0840631 -0.0945315 -0.0997236 -0.0993497 -0.0934307 -0.0822969 -0.0665697 -0.0471271 -0.025054 -0.00158259 0.0219772 0.0443103 0.0641702 0.0804486 0.0922368 0.0988768 0.0999981 0.095538 0.0857456 0.0711673 0.0526169 0.0311297 0.00790504 -0.0157609 -0.0385471 -0.0591818 -0.0765134 -0.0895744 -0.0976358 -0.100248 -0.0972645 -0.0888525 -0.0754812 -0.057897 -0.0370813 -0.014196 0.00948171 0.0326302 0.0539575 0.0722731 0.0865549 0.0960057 0.100098 0.0986033 0.0916052 0.0794943 0.0629464 0.0428852 0.0204303 -0.00316478 -0.0265833 -0.048518 -0.0677448 -0.0831904 -0.0939928 -0.0995491 -0.0995491 -0.0939928 -0.0831904 -0.0677448 -0.048518 -0.0265833 -0.00316478 0.0204303 0.0428852 0.0629464 0.0794943 0.0916052 0.0986033 0.100098 0.0960057 0.0865549 0.0722731 0.0539575 0.0326302 0.00948171 -0.014196 -0.0370813 -0.057897 -0.0754812 -0.0888525 -0.0972645 -0.100248 -0.0976358 -0.0895744 -0.0765134 -0.0591818 -0.0385471 -0.0157609 0.00790504 0.0311297 0.0526169 0.0711673 0.0857456 0.095538 0.0999981 0.0988768 0.0922368 0.0804486 0.0641702 0.0443103 0.0219772 -0.00158259 -0.025054 -0.0471271 -0.0665697 -0.0822969 -0.0934307 -0.0993497 -0.0997236 -0.0945315 -0.0840631 -0.0689029 -0.0498969 -0.0281059 -0.00474618 0.0188784 0.0414493 0.0617068 0.0785201 0.0909509 0.0983053 0.100173 0.0964494 0.0873426 0.0733609 0.0552845 0.0341225 0.011056 -0.0126276 -0.0356064 -0.0565978 -0.0744303 -0.0881085 -0.096869 -0.100223 -0.0979828 -0.0902739 -0.0775264 -0.0604518 -0.0400032 -0.0173218 0.0063264 0.0296215 0.0512633 0.0700438 0.084915 0.0950466 0.0998733 0.0991256 0.0928453 0.0813829 0.0653781 0.0457244 0.0235185 
0.080402 0.025054 0.048518 0.0689029 0.084915 0.095538 0.100098 0.0983053 0.0902739 0.0765134 0.057897 0.0356064 0.011056 -0.014196 -0.0385471 -0.0604518 -0.0785201 -0.0916052 -0.0988768 -0.0998733 -0.0945315 -0.0831904 -0.0665697 -0.0457244 -0.0219772 0.00316478 0.0281059 0.0512633 0.0711673 0.0865549 0.0964494 0.100223 0.0976358 0.0888525 0.0744303 0.0552845 0.0326302 0.00790504 -0.0173218 -0.0414493 -0.0629464 -0.0804486 -0.0928453 -0.0993497 -0.0995491 -0.0934307 -0.0813829 -0.0641702 -0.0428852 -0.0188784 0.0063264 0.0311297 0.0539575 0.0733609 0.0881085 0.0972645 0.100248 0.096869 0.0873426 0.0722731 0.0526169 0.0296215 0.00474618 -0.0204303 -0.0443103 -0.0653781 -0.0822969 -0.0939928 -0.0997236 -0.0991256 -0.0922368 -0.0794943 -0.0617068 -0.0400032 -0.0157609 0.00948171 0.0341225 0.0565978 0.0754812 0.0895744 0.0979828 0.100173 0.0960057 0.0857456 0.0700438 0.0498969 0.0265833 0.00158259 -0.0235185 -0.0471271 -0.0677448 -0.0840631 -0.0950466 -0.0999981 -0.0986033 -0.0909509 -0.0775264 -0.0591818 -0.0370813 -0.0126276 0.0126276 0.0370813 0.0591818 0.0775264 0.0909509 0.0986033 0.0999981 0.0950466 0.0840631 0.0677448 0.0471271 0.0235185 -0.00158259 -0.0265833 -0.0498969 -0.0700438 -0.0857456 -0.0960057 -0.100173 -0.0979828 -0.0895744 -0.0754812 -0.0565978 -0.0341225 -0.00948171 0.0157609 0.0400032 0.0617068 0.0794943 0.0922368 0.0991256 0.0997236 0.0939928 0.0822969 0.0653781 0.0443103 0.0204303 -0.00474618 -0.0296215 -0.0526169 -0.0722731 -0.0873426 -0.096869 -0.100248 -0.0972645 -0.0881085 -0.0733609 -0.0539575 -0.0311297 -0.0063264 0.0188784 0.0428852 0.0641702 0.0813829 0.0934307 0.0995491 0.0993497 0.0928453 0.0804486 0.0629464 0.0414493 0.0173218 -0.00790504 -0.0326302 -0.0552845 -0.0744303 -0.0888525 -0.0976358 -0.100223 -0.0964494 -0.0865549 -0.0711673 -0.0512633 -0.0281059 -0.00316478 0.0219772 0.0457244 0.0665697 0.0831904 0.0945315 0.0998733 0.0988768 0.0916052 0.0785201 0.0604518 0.0385471 0.014196 -0.011056 -0.0356064 -0.057897 -0.0765134 -0.0902739 -0.0983053 -0.100098 -0.095538 -0.084915 -0.0689029 -0.048518 -0.025054 
0.0854271 0.0265833 0.0512633 0.0722731 0.0881085 0.0976358 0.100173 0.095538 0.0840631 0.0665697 0.0443103 0.0188784 -0.00790504 -0.0341225 -0.057897 -0.0775264 -0.0916052 -0.0991256 -0.0995491 -0.0928453 -0.0794943 -0.0604518 -0.0370813 -0.011056 0.0157609 0.0414493 0.0641702 0.0822969 0.0945315 0.0999981 0.0983053 0.0895744 0.0744303 0.0539575 0.0296215 0.00316478 -0.0235185 -0.048518 -0.0700438 -0.0865549 -0.096869 -0.100248 -0.0964494 -0.0857456 -0.0689029 -0.0471271 -0.0219772 0.00474618 0.0311297 0.0552845 0.0754812 0.0902739 0.0986033 0.0998733 0.0939928 0.0813829 0.0629464 0.0400032 0.014196 -0.0126276 -0.0385471 -0.0617068 -0.0804486 -0.0934307 -0.0997236 -0.0988768 -0.0909509 -0.0765134 -0.0565978 -0.0326302 -0.0063264 0.0204303 0.0457244 0.0677448 0.084915 0.0960057 0.100223 0.0972645 0.0873426 0.0711673 0.0498969 0.025054 -0.00158259 -0.0281059 -0.0526169 -0.0733609 -0.0888525 -0.0979828 -0.100098 -0.0950466 -0.0831904 -0.0653781 -0.0428852 -0.0173218 0.00948171 0.0356064 0.0591818 0.0785201 0.0922368 0.0993497 0.0993497 0.0922368 0.0785201 0.0591818 0.0356064 0.00948171 -0.0173218 -0.0428852 -0.0653781 -0.0831904 -0.0950466 -0.100098 -0.0979828 -0.0888525 -0.0733609 -0.0526169 -0.0281059 -0.00158259 0.025054 0.0498969 0.0711673 0.0873426 0.0972645 0.100223 0.0960057 0.084915 0.0677448 0.0457244 0.0204303 -0.0063264 -0.0326302 -0.0565978 -0.0765134 -0.0909509 -0.0988768 -0.0997236 -0.0934307 -0.0804486 -0.0617068 -0.0385471 -0.0126276 0.014196 0.0400032 0.0629464 0.0813829 0.0939928 0.0998733 0.0986033 0.0902739 0.0754812 0.0552845 0.0311297 0.00474618 -0.0219772 -0.0471271 -0.0689029 -0.0857456 -0.0964494 -0.100248 -0.096869 -0.0865549 -0.0700438 -0.048518 -0.0235185 0.00316478 0.0296215 0.0539575 0.0744303 0.0895744 0.0983053 0.0999981 0.0945315 0.0822969 0.0641702 0.0414493 0.0157609 -0.011056 -0.0370813 -0.0604518 -0.0794943 -0.0928453 -0.0995491 -0.0991256 -0.0916052 -0.0775264 -0.057897 -0.0341225 -0.00790504 0.0188784 0.0443103 0.0665697 0.0840631 0.095538 0.100173 0.0976358 0.0881085 0.0722731 0.0512633 0.0265833 
0.0904523 0.0281059 0.0539575 0.0754812 0.0909509 0.0991256 0.0993497 0.0916052 0.0765134 0.0552845 0.0296215 0.00158259 -0.0265833 -0.0526169 -0.0744303 -0.0902739 -0.0988768 -0.0995491 -0.0922368 -0.0775264 -0.0565978 -0.0311297 -0.00316478 0.025054 0.0512633 0.0733609 0.0895744 0.0986033 0.0997236 0.0928453 0.0785201 0.057897 0.0326302 0.00474618 -0.0235185 -0.0498969 -0.0722731 -0.0888525 -0.0983053 -0.0998733 -0.0934307 -0.0794943 -0.0591818 -0.0341225 -0.0063264 0.0219772 0.048518 0.0711673 0.0881085 0.0979828 0.0999981 0.0939928 0.0804486 0.0604518 0.0356064 0.00790504 -0.0204303 -0.0471271 -0.0700438 -0.0873426 -0.0976358 -0.100098 -0.0945315 -0.0813829 -0.0617068 -0.0370813 -0.00948171 0.0188784 0.0457244 0.0689029 0.0865549 0.0972645 0.100173 0.0950466 0.0822969 0.0629464 0.0385471 0.011056 -0.0173218 -0.0443103 -0.0677448 -0.0857456 -0.096869 -0.100223 -0.095538 -0.0831904 -0.0641702 -0.0400032 -0.0126276 0.0157609 0.0428852 0.0665697 0.084915 0.0964494 0.100248 0.0960057 0.0840631 0.0653781 0.0414493 0.014196 -0.014196 -0.0414493 -0.0653781 -0.0840631 -0.0960057 -0.100248 -0.0964494 -0.084915 -0.0665697 -0.0428852 -0.0157609 0.0126276 0.0400032 0.0641702 0.0831904 0.095538 0.100223 0.096869 0.0857456 0.0677448 0.0443103 0.0173218 -0.011056 -0.0385471 -0.0629464 -0.0822969 -0.0950466 -0.100173 -0.0972645 -0.0865549 -0.0689029 -0.0457244 -0.0188784 0.00948171 0.0370813 0.0617068 0.0813829 0.0945315 0.100098 0.0976358 0.0873426 0.0700438 0.0471271 0.0204303 -0.00790504 -0.0356064 -0.0604518 -0.0804486 -0.0939928 -0.0999981 -0.0979828 -0.0881085 -0.0711673 -0.048518 -0.0219772 0.0063264 0.0341225 0.0591818 0.0794943 0.0934307 0.0998733 0.0983053 0.0888525 0.0722731 0.0498969 0.0235185 -0.00474618 -0.0326302 -0.057897 -0.0785201 -0.0928453 -0.0997236 -0.0986033 -0.0895744 -0.0733609 -0.0512633 -0.025054 0.00316478 0.0311297 0.0565978 0.0775264 0.0922368 0.0995491 0.0988768 0.0902739 0.0744303 0.0526169 0.0265833 -0.00158259 -0.0296215 -0.0552845 -0.0765134 -0.0916052 -0.0993497 -0.0991256 -0.0909509 -0.0754812 -0.0539575 -0.0281059 
0.0954774 0.0296215 0.0565978 0.0785201 0.0934307 0.0999981 0.0976358 0.0865549 0.0677448 0.0428852 0.014196 -0.0157609 -0.0443103 -0.0689029 -0.0873426 -0.0979828 -0.0998733 -0.0928453 -0.0775264 -0.0552845 -0.0281059 0.00158259 0.0311297 0.057897 0.0794943 0.0939928 0.100098 0.0972645 0.0857456 0.0665697 0.0414493 0.0126276 -0.0173218 -0.0457244 -0.0700438 -0.0881085 -0.0983053 -0.0997236 -0.0922368 -0.0765134 -0.0539575 -0.0265833 0.00316478 0.0326302 0.0591818 0.0804486 0.0945315 0.100173 0.096869 0.084915 0.0653781 0.0400032 0.011056 -0.0188784 -0.0471271 -0.0711673 -0.0888525 -0.0986033 -0.0995491 -0.0916052 -0.0754812 -0.0526169 -0.025054 0.00474618 0.0341225 0.0604518 0.0813829 0.0950466 0.100223 0.0964494 0.0840631 0.0641702 0.0385471 0.00948171 -0.0204303 -0.048518 -0.0722731 -0.0895744 -0.0988768 -0.0993497 -0.0909509 -0.0744303 -0.0512633 -0.0235185 0.0063264 0.0356064 0.0617068 0.0822969 0.095538 0.100248 0.0960057 0.0831904 0.0629464 0.0370813 0.00790504 -0.0219772 -0.0498969 -0.0733609 -0.0902739 -0.0991256 -0.0991256 -0.0902739 -0.0733609 -0.0498969 -0.0219772 0.00790504 0.0370813 0.0629464 0.0831904 0.0960057 0.100248 0.095538 0.0822969 0.0617068 0.0356064 0.0063264 -0.0235185 -0.0512633 -0.0744303 -0.0909509 -0.0993497 -0.0988768 -0.0895744 -0.0722731 -0.048518 -0.0204303 0.00948171 0.0385471 0.0641702 0.0840631 0.0964494 0.100223 0.0950466 0.0813829 0.0604518 0.0341225 0.00474618 -0.025054 -0.0526169 -0.0754812 -0.0916052 -0.0995491 -0.0986033 -0.0888525 -0.0711673 -0.0471271 -0.0188784 0.011056 0.0400032 0.0653781 0.084915 0.096869 0.100173 0.0945315 0.0804486 0.0591818 0.0326302 0.00316478 -0.0265833 -0.0539575 -0.0765134 -0.0922368 -0.0997236 -0.0983053 -0.0881085 -0.0700438 -0.0457244 -0.0173218 0.0126276 0.0414493 0.0665697 0.0857456 0.0972645 0.100098 0.0939928 0.0794943 0.057897 0.0311297 0.00158259 -0.0281059 -0.0552845 -0.0775264 -0.0928453 -0.0998733 -0.0979828 -0.0873426 -0.0689029 -0.0443103 -0.0157609 0.014196 0.0428852 0.0677448 0.0865549 0.0976358 0.0999981 0.0934307 0.0785201 0.0565978 0.0296215 
