0 0 0 0 0 0 0 0 0 0 0 0 0 0 0 0 0 0 0 0 0 0 0 0 0 0 0 0 0 0 0 0 0 0 0 0 0 0 0 0 0 0 0 0 0 0 0 0 0 0 0 0 0 0 0 0 0 0 0 0 0 0 0 0 0 0 0 0 0 0 0 0 0 0 0 0 0 0 0 0 0 0 0 0 0 0 0 0 0 0 0 0 0 0 0 0 0 0 0 0 0 0 0 0 0 0 0 0 0 0 0 0 0 0 0 0 0 0 0 0 0 0 0 0 0 0 0 0 0 0 0 0 0 0 0 0 0 0 0 0 0 0 0 0 0 0 0 0 0 0 0 0 0 0 0 0 0 0 0 0 0 0 0 0 0 0 0 0 0 0 0 0 0 0 0 0 0 0 0 0 0 0 0 0 0 0 0 0 0 0 0 0 0 0 0 0 0 0 0 0 
5e-13 2221.35 4442.15 6661.86 8879.92 11095.8 13308.9 15518.8 17724.8 19926.4 22123.2 24314.4 26499.7 28678.5 30850.1 33014.2 35170.1 37317.3 39455.3 41583.6 43701.6 45808.8 47904.8 49988.9 52060.7 54119.6 56165.2 58196.9 60214.3 62216.8 64204 66175.3 68130.3 70068.4 71989.3 73892.5 75777.4 77643.6 79490.6 81318 83125.4 84912.2 86678.1 88422.7 90145.4 91845.8 93523.6 95178.3 96809.6 98416.9 100000 101558 103092 104600 106082 107538 108967 110370 111745 113092 114412 115704 116967 118201 119406 120582 121727 122843 123928 124983 126007 127000 127962 128892 129790 130656 131490 132292 133061 133797 134500 135170 135806 136409 136978 137514 138015 138483 138916 139315 139680 140010 140306 140567 140794 140985 141142 141264 141352 141404 122474 141404 141352 141264 141142 140985 140794 140567 140306 140010 139680 139315 138916 138483 138015 137514 136978 136409 135806 135170 134500 133797 133061 132292 131490 130656 129790 128892 127962 127000 126007 124983 123928 122843 121727 120582 119406 118201 116967 115704 114412 113092 111745 110370 108967 107538 106082 104600 103092 101558 100000 98416.9 96809.6 95178.3 93523.6 91845.8 90145.4 88422.7 86678.1 84912.2 83125.4 81318 79490.6 77643.6 75777.4 73892.5 71989.3 70068.4 68130.3 66175.3 64204 62216.8 60214.3 58196.9 56165.2 54119.6 52060.7 49988.9 47904.8 45808.8 43701.6 41583.6 39455.3 37317.3 35170.1 33014.2 30850.1 28678.5 26499.7 24314.4 22123.2 19926.4 17724.8 15518.8 13308.9 11095.8 8879.92 6661.86 4442.15 2221.35 
1e-12 4442.15 8879.92 13308.9 17724.8 22123.2 26499.7 30850.1 35170.1 39455.3 43701.6 47904.8 52060.7 56165.2 60214.3 64204 68130.3 71989.3 75777.4 79490.6 83125.4 86678.1 90145.4 93523.6 96809.6 100000 103092 106082 108967 111745 114412 116967 119406 121727 123928 126007 127962 129790 131490 133061 134500 135806 136978 138015 138916 139680 140306 140794 141142 141352 141421 141352 141142 140794 140306 139680 138916 138015 136978 135806 134500 133061 131490 129790 127962 126007 123928 121727 119406 116967 114412 111745 108967 106082 103092 100000 96809.6 93523.6 90145.4 86678.1 83125.4 79490.6 75777.4 71989.3 68130.3 64204 60214.3 56165.2 52060.7 47904.8 43701.6 39455.3 35170.1 30850.1 26499.7 22123.2 17724.8 13308.9 8879.92 4442.15 -1.26674e-10 -4442.15 -8879.92 -13308.9 -17724.8 -22123.2 -26499.7 -30850.1 -35170.1 -39455.3 -43701.6 -47904.8 -52060.7 -56165.2 -60214.3 -64204 -68130.3 -71989.3 -75777.4 -79490.6 -83125.4 -86678.1 -90145.4 -93523.6 -96809.6 -100000 -103092 -106082 -108967 -111745 -114412 -116967 -119406 -121727 -123928 -126007 -127962 -129790 -131490 -133061 -134500 -135806 -136978 -138015 -138916 -139680 -140306 -140794 -141142 -141352 -141421 -141352 -141142 -140794 -140306 -139680 -138916 -138015 -136978 -135806 -134500 -133061 -131490 -129790 -127962 -126007 -123928 -121727 -119406 -116967 -114412 -111745 -108967 -106082 -103092 -100000 -96809.6 -93523.6 -90145.4 -86678.1 -83125.4 -79490.6 -75777.4 -71989.3 -68130.3 -64204 -60214.3 -56165.2 -52060.7 -47904.8 -43701.6 -39455.3 -35170.1 -30850.1 -26499.7 -22123.2 -17724.8 -13308.9 -8879.92 -4442.15 
1.5e-12 6661.86 13308.9 19926.4 26499.7 33014.2 39455.3 45808.8 52060.7 58196.9 64204 70068.4 75777.4 81318 86678.1 91845.8 96809.6 101558 106082 110370 114412 118201 121727 124983 127962 130656 133061 135170 136978 138483 139680 140567 141142 141404 141352 140985 140306 139315 138015 136409 134500 132292 129790 127000 123928 120582 116967 113092 108967 104600 100000 95178.3 90145.4 84912.2 79490.6 73892.5 68130.3 62216.8 56165.2 49988.9 43701.6 37317.3 30850.1 24314.4 17724.8 11095.8 4442.15 -2221.35 -8879.92 -15518.8 -22123.2 -28678.5 -35170.1 -41583.6 -47904.8 -54119.6 -60214.3 -66175.3 -71989.3 -77643.6 -83125.4 -88422.7 -93523.6 -98416.9 -103092 -107538 -111745 -115704 -119406 -122843 -126007 -128892 -131490 -133797 -135806 -137514 -138916 -140010 -140794 -141264 -122474 -141264 -140794 -140010 -138916 -137514 -135806 -133797 -131490 -128892 -126007 -122843 -119406 -115704 -111745 -107538 -103092 -98416.9 -93523.6 -88422.7 -83125.4 -77643.6 -71989.3 -66175.3 -60214.3 -54119.6 -47904.8 -41583.6 -35170.1 -28678.5 -22123.2 -15518.8 -8879.92 -2221.35 4442.15 11095.8 17724.8 24314.4 30850.1 37317.3 43701.6 49988.9 56165.2 62216.8 68130.3 73892.5 79490.6 84912.2 90145.4 95178.3 100000 104600 108967 113092 116967 120582 123928 127000 129790 132292 134500 136409 138015 139315 140306 140985 141352 141404 141142 140567 139680 138483 136978 135170 133061 130656 127962 124983 121727 118201 114412 110370 106082 101558 96809.6 91845.8 86678.1 81318 75777.4 70068.4 64204 58196.9 52060.7 45808.8 39455.3 33014.2 26499.7 19926.4 13308.9 6661.86 
2e-12 8879.92 17724.8 26499.7 35170.1 43701.6 52060.7 60214.3 68130.3 75777.4 83125.4 90145.4 96809.6 103092 108967 114412 119406 123928 127962 131490 134500 136978 138916 140306 141142 141421 141142 140306 138916 136978 134500 131490 127962 123928 119406 114412 108967 103092 96809.6 90145.4 83125.4 75777.4 68130.3 60214.3 52060.7 43701.6 35170.1 26499.7 17724.8 8879.92 -3.12576e-10 -8879.92 -17724.8 -26499.7 -35170.1 -43701.6 -52060.7 -60214.3 -68130.3 -75777.4 -83125.4 -90145.4 -96809.6 -103092 -108967 -114412 -119406 -123928 -127962 -131490 -134500 -136978 -138916 -140306 -141142 -141421 -141142 -140306 -138916 -136978 -134500 -131490 -127962 -123928 -119406 -114412 -108967 -103092 -96809.6 -90145.4 -83125.4 -75777.4 -68130.3 -60214.3 -52060.7 -43701.6 -35170.1 -26499.7 -17724.8 -8879.92 2.477e-10 8879.92 17724.8 26499.7 35170.1 43701.6 52060.7 60214.3 68130.3 75777.4 83125.4 90145.4 96809.6 103092 108967 114412 119406 123928 127962 131490 134500 136978 138916 140306 141142 141421 141142 140306 138916 136978 134500 131490 127962 123928 119406 114412 108967 103092 96809.6 90145.4 83125.4 75777.4 68130.3 60214.3 52060.7 43701.6 35170.1 26499.7 17724.8 8879.92 -2.8195e-10 -8879.92 -17724.8 -26499.7 -35170.1 -43701.6 -52060.7 -60214.3 -68130.3 -75777.4 -83125.4 -90145.4 -96809.6 -103092 -108967 -114412 -119406 -123928 -127962 -131490 -134500 -136978 -138916 -140306 -141142 -141421 -141142 -140306 -138916 -136978 -134500 -131490 -127962 -123928 -119406 -114412 -108967 -103092 -96809.6 -90145.4 -83125.4 -75777.4 -68130.3 -60214.3 -52060.7 -43701.6 -35170.1 -26499.7 -17724.8 -8879.92 
2.5e-12 11095.8 22123.2 33014.2 43701.6 54119.6 64204 73892.5 83125.4 91845.8 100000 107538 114412 120582 126007 130656 134500 137514 139680 140985 141421 140985 139680 137514 134500 130656 126007 120582 114412 107538 100000 91845.8 83125.4 73892.5 64204 54119.6 43701.6 33014.2 22123.2 11095.8 3.58272e-10 -11095.8 -22123.2 -33014.2 -43701.6 -54119.6 -64204 -73892.5 -83125.4 -91845.8 -100000 -107538 -114412 -120582 -126007 -130656 -134500 -137514 -139680 -140985 -141421 -140985 -139680 -137514 -134500 -130656 -126007 -120582 -114412 -107538 -100000 -91845.8 -83125.4 -73892.5 -64204 -54119.6 -43701.6 -33014.2 -22123.2 -11095.8 3.12846e-10 11095.8 22123.2 33014.2 43701.6 54119.6 64204 73892.5 83125.4 91845.8 100000 107538 114412 120582 126007 130656 134500 137514 139680 140985 122474 140985 139680 137514 134500 130656 126007 120582 114412 107538 100000 91845.8 83125.4 73892.5 64204 54119.6 43701.6 33014.2 22123.2 11095.8 -1.02344e-09 -11095.8 -22123.2 -33014.2 -43701.6 -54119.6 -64204 -73892.5 -83125.4 -91845.8 -100000 -107538 -114412 -120582 -126007 -130656 -134500 -137514 -139680 -140985 -141421 -140985 -139680 -137514 -134500 -130656 -126007 -120582 -114412 -107538 -100000 -91845.8 -83125.4 -73892.5 -64204 -54119.6 -43701.6 -33014.2 -22123.2 -11095.8 2.19484e-09 11095.8 22123.2 33014.2 43701.6 54119.6 64204 73892.5 83125.4 91845.8 100000 107538 114412 120582 126007 130656 134500 137514 139680 140985 141421 140985 139680 137514 134500 130656 126007 120582 114412 107538 100000 91845.8 83125.4 73892.5 64204 54119.6 43701.6 33014.2 22123.2 11095.8 
3e-12 13308.9 26499.7 39455.3 52060.7 64204 75777.4 86678.1 96809.6 106082 114412 121727 127962 133061 136978 139680 141142 141352 140306 138015 134500 129790 123928 116967 108967 100000 90145.4 79490.6 68130.3 56165.2 43701.6 30850.1 17724.8 4442.15 -8879.92 -22123.2 -35170.1 -47904.8 -60214.3 -71989.3 -83125.4 -93523.6 -103092 -111745 -119406 -126007 -131490 -135806 -138916 -140794 -141421 -140794 -138916 -135806 -131490 -126007 -119406 -111745 -103092 -93523.6 -83125.4 -71989.3 -60214.3 -47904.8 -35170.1 -22123.2 -8879.92 4442.15 17724.8 30850.1 43701.6 56165.2 68130.3 79490.6 90145.4 100000 108967 116967 123928 129790 134500 138015 140306 141352 141142 139680 136978 133061 127962 121727 114412 106082 96809.6 86678.1 75777.4 64204 52060.7 39455.3 26499.7 13308.9 -1.41626e-10 -13308.9 -26499.7 -39455.3 -52060.7 -64204 -75777.4 -86678.1 -96809.6 -106082 -114412 -121727 -127962 -133061 -136978 -139680 -141142 -141352 -140306 -138015 -134500 -129790 -123928 -116967 -108967 -100000 -90145.4 -79490.6 -68130.3 -56165.2 -43701.6 -30850.1 -17724.8 -4442.15 8879.92 22123.2 35170.1 47904.8 60214.3 71989.3 83125.4 93523.6 103092 111745 119406 126007 131490 135806 138916 140794 141421 140794 138916 135806 131490 126007 119406 111745 103092 93523.6 83125.4 71989.3 60214.3 47904.8 35170.1 22123.2 8879.92 -4442.15 -17724.8 -30850.1 -43701.6 -56165.2 -68130.3 -79490.6 -90145.4 -100000 -108967 -116967 -123928 -129790 -134500 -138015 -140306 -141352 -141142 -139680 -136978 -133061 -127962 -121727 -114412 -106082 -96809.6 -86678.1 -75777.4 -64204 -52060.7 -39455.3 -26499.7 -13308.9 
3.5e-12 15518.8 30850.1 45808.8 60214.3 73892.5 86678.1 98416.9 108967 118201 126007 132292 136978 140010 141352 140985 138916 135170 129790 122843 114412 104600 93523.6 81318 68130.3 54119.6 39455.3 24314.4 8879.92 -6661.86 -22123.2 -37317.3 -52060.7 -66175.3 -79490.6 -91845.8 -103092 -113092 -121727 -128892 -134500 -138483 -140794 -141404 -140306 -137514 -133061 -127000 -119406 -110370 -100000 -88422.7 -75777.4 -62216.8 -47904.8 -33014.2 -17724.8 -2221.35 13308.9 28678.5 43701.6 58196.9 71989.3 84912.2 96809.6 107538 116967 124983 131490 136409 139680 141264 141142 139315 135806 130656 123928 115704 106082 95178.3 83125.4 70068.4 56165.2 41583.6 26499.7 11095.8 -4442.15 -19926.4 -35170.1 -49988.9 -64204 -77643.6 -90145.4 -101558 -111745 -120582 -127962 -133797 -138015 -140567 -122474 -140567 -138015 -133797 -127962 -120582 -111745 -101558 -90145.4 -77643.6 -64204 -49988.9 -35170.1 -19926.4 -4442.15 11095.8 26499.7 41583.6 56165.2 70068.4 83125.4 95178.3 106082 115704 123928 130656 135806 139315 141142 141264 139680 136409 131490 124983 116967 107538 96809.6 84912.2 71989.3 58196.9 43701.6 28678.5 13308.9 -2221.35 -17724.8 -33014.2 -47904.8 -62216.8 -75777.4 -88422.7 -100000 -110370 -119406 -127000 -133061 -137514 -140306 -141404 -140794 -138483 -134500 -128892 -121727 -113092 -103092 -91845.8 -79490.6 -66175.3 -52060.7 -37317.3 -22123.2 -6661.86 8879.92 24314.4 39455.3 54119.6 68130.3 81318 93523.6 104600 114412 122843 129790 135170 138916 140985 141352 140010 136978 132292 126007 118201 108967 98416.9 86678.1 73892.5 60214.3 45808.8 30850.1 15518.8 
4e-12 17724.8 35170.1 52060.7 68130.3 83125.4 96809.6 108967 119406 127962 134500 138916 141142 141142 138916 134500 127962 119406 108967 96809.6 83125.4 68130.3 52060.7 35170.1 17724.8 9.65052e-10 -17724.8 -35170.1 -52060.7 -68130.3 -83125.4 -96809.6 -108967 -119406 -127962 -134500 -138916 -141142 -141142 -138916 -134500 -127962 -119406 -108967 -96809.6 -83125.4 -68130.3 -52060.7 -35170.1 -17724.8 3.91089e-10 17724.8 35170.1 52060.7 68130.3 83125.4 96809.6 108967 119406 127962 134500 138916 141142 141142 138916 134500 127962 119406 108967 96809.6 83125.4 68130.3 52060.7 35170.1 17724.8 5.37928e-12 -17724.8 -35170.1 -52060.7 -68130.3 -83125.4 -96809.6 -108967 -119406 -127962 -134500 -138916 -141142 -141142 -138916 -134500 -127962 -119406 -108967 -96809.6 -83125.4 -68130.3 -52060.7 -35170.1 -17724.8 -2.04893e-10 17724.8 35170.1 52060.7 68130.3 83125.4 96809.6 108967 119406 127962 134500 138916 141142 141142 138916 134500 127962 119406 108967 96809.6 83125.4 68130.3 52060.7 35170.1 17724.8 7.47574e-10 -17724.8 -35170.1 -52060.7 -68130.3 -83125.4 -96809.6 -108967 -119406 -127962 -134500 -138916 -141142 -141142 -138916 -134500 -127962 -119406 -108967 -96809.6 -83125.4 -68130.3 -52060.7 -35170.1 -17724.8 5.6447e-10 17724.8 35170.1 52060.7 68130.3 83125.4 96809.6 108967 119406 127962 134500 138916 141142 141142 138916 134500 127962 119406 108967 96809.6 83125.4 68130.3 52060.7 35170.1 17724.8 -3.39489e-09 -17724.8 -35170.1 -52060.7 -68130.3 -83125.4 -96809.6 -108967 -119406 -127962 -134500 -138916 -141142 -141142 -138916 -134500 -127962 -119406 -108967 -96809.6 -83125.4 -68130.3 -52060.7 -35170.1 -17724.8 
4.5e-12 19926.4 39455.3 58196.9 75777.4 91845.8 106082 118201 127962 135170 139680 141404 140306 136409 129790 120582 108967 95178.3 79490.6 62216.8 43701.6 24314.4 4442.15 -15518.8 -35170.1 -54119.6 -71989.3 -88422.7 -103092 -115704 -126007 -133797 -138916 -141264 -140794 -137514 -131490 -122843 -111745 -98416.9 -83125.4 -66175.3 -47904.8 -28678.5 -8879.92 11095.8 30850.1 49988.9 68130.3 84912.2 100000 113092 123928 132292 138015 140985 141142 138483 133061 124983 114412 101558 86678.1 70068.4 52060.7 33014.2 13308.9 -6661.86 -26499.7 -45808.8 -64204 -81318 -96809.6 -110370 -121727 -130656 -136978 -140567 -141352 -139315 -134500 -127000 -116967 -104600 -90145.4 -73892.5 -56165.2 -37317.3 -17724.8 2221.35 22123.2 41583.6 60214.3 77643.6 93523.6 107538 119406 128892 135806 140010 122474 140010 135806 128892 119406 107538 93523.6 77643.6 60214.3 41583.6 22123.2 2221.35 -17724.8 -37317.3 -56165.2 -73892.5 -90145.4 -104600 -116967 -127000 -134500 -139315 -141352 -140567 -136978 -130656 -121727 -110370 -96809.6 -81318 -64204 -45808.8 -26499.7 -6661.86 13308.9 33014.2 52060.7 70068.4 86678.1 101558 114412 124983 133061 138483 141142 140985 138015 132292 123928 113092 100000 84912.2 68130.3 49988.9 30850.1 11095.8 -8879.92 -28678.5 -47904.8 -66175.3 -83125.4 -98416.9 -111745 -122843 -131490 -137514 -140794 -141264 -138916 -133797 -126007 -115704 -103092 -88422.7 -71989.3 -54119.6 -35170.1 -15518.8 4442.15 24314.4 43701.6 62216.8 79490.6 95178.3 108967 120582 129790 136409 140306 141404 139680 135170 127962 118201 106082 91845.8 75777.4 58196.9 39455.3 19926.4 
5e-12 22123.2 43701.6 64204 83125.4 100000 114412 126007 134500 139680 141421 139680 134500 126007 114412 100000 83125.4 64204 43701.6 22123.2 8.4202e-10 -22123.2 -43701.6 -64204 -83125.4 -100000 -114412 -126007 -134500 -139680 -141421 -139680 -134500 -126007 -114412 -100000 -83125.4 -64204 -43701.6 -22123.2 4.9235e-10 22123.2 43701.6 64204 83125.4 100000 114412 126007 134500 139680 141421 139680 134500 126007 114412 100000 83125.4 64204 43701.6 22123.2 4.49025e-10 -22123.2 -43701.6 -64204 -83125.4 -100000 -114412 -126007 -134500 -139680 -141421 -139680 -134500 -126007 -114412 -100000 -83125.4 -64204 -43701.6 -22123.2 6.72167e-10 22123.2 43701.6 64204 83125.4 100000 114412 126007 134500 139680 141421 139680 134500 126007 114412 100000 83125.4 64204 43701.6 22123.2 -1.5461e-11 -22123.2 -43701.6 -64204 -83125.4 -100000 -114412 -126007 -134500 -139680 -141421 -139680 -134500 -126007 -114412 -100000 -83125.4 -64204 -43701.6 -22123.2 2.18148e-09 22123.2 43701.6 64204 83125.4 100000 114412 126007 134500 139680 141421 139680 134500 126007 114412 100000 83125.4 64204 43701.6 22123.2 -5.12239e-10 -22123.2 -43701.6 -64204 -83125.4 -100000 -114412 -126007 -134500 -139680 -141421 -139680 -134500 -126007 -114412 -100000 -83125.4 -64204 -43701.6 -22123.2 1.0974e-09 22123.2 43701.6 64204 83125.4 100000 114412 126007 134500 139680 141421 139680 134500 126007 114412 100000 83125.4 64204 43701.6 22123.2 2.07992e-09 -22123.2 -43701.6 -64204 -83125.4 -100000 -114412 -126007 -134500 -139680 -141421 -139680 -134500 -126007 -114412 -100000 -83125.4 -64204 -43701.6 -22123.2 
5.5e-12 24314.4 47904.8 70068.4 90145.4 107538 121727 132292 138916 141404 139680 133797 123928 110370 93523.6 73892.5 52060.7 28678.5 4442.15 -19926.4 -43701.6 -66175.3 -86678.1 -104600 -119406 -130656 -138015 -141264 -140306 -135170 -126007 -113092 -96809.6 -77643.6 -56165.2 -33014.2 -8879.92 15518.8 39455.3 62216.8 83125.4 101558 116967 128892 136978 140985 140794 136409 127962 115704 100000 81318 60214.3 37317.3 13308.9 -11095.8 -35170.1 -58196.9 -79490.6 -98416.9 -114412 -127000 -135806 -140567 -141142 -137514 -129790 -118201 -103092 -84912.2 -64204 -41583.6 -17724.8 6661.86 30850.1 54119.6 75777.4 95178.3 111745 124983 134500 140010 141352 138483 131490 120582 106082 88422.7 68130.3 45808.8 22123.2 -2221.35 -26499.7 -49988.9 -71989.3 -91845.8 -108967 -122843 -133061 -139315 -122474 -139315 -133061 -122843 -108967 -91845.8 -71989.3 -49988.9 -26499.7 -2221.35 22123.2 45808.8 68130.3 88422.7 106082 120582 131490 138483 141352 140010 134500 124983 111745 95178.3 75777.4 54119.6 30850.1 6661.86 -17724.8 -41583.6 -64204 -84912.2 -103092 -118201 -129790 -137514 -141142 -140567 -135806 -127000 -114412 -98416.9 -79490.6 -58196.9 -35170.1 -11095.8 13308.9 37317.3 60214.3 81318 100000 115704 127962 136409 140794 140985 136978 128892 116967 101558 83125.4 62216.8 39455.3 15518.8 -8879.92 -33014.2 -56165.2 -77643.6 -96809.6 -113092 -126007 -135170 -140306 -141264 -138015 -130656 -119406 -104600 -86678.1 -66175.3 -43701.6 -19926.4 4442.15 28678.5 52060.7 73892.5 93523.6 110370 123928 133797 139680 141404 138916 132292 121727 107538 90145.4 70068.4 47904.8 24314.4 
6e-12 26499.7 52060.7 75777.4 96809.6 114412 127962 136978 141142 140306 134500 123928 108967 90145.4 68130.3 43701.6 17724.8 -8879.92 -35170.1 -60214.3 -83125.4 -103092 -119406 -131490 -138916 -141421 -138916 -131490 -119406 -103092 -83125.4 -60214.3 -35170.1 -8879.92 17724.8 43701.6 68130.3 90145.4 108967 123928 134500 140306 141142 136978 127962 114412 96809.6 75777.4 52060.7 26499.7 -6.11397e-10 -26499.7 -52060.7 -75777.4 -96809.6 -114412 -127962 -136978 -141142 -140306 -134500 -123928 -108967 -90145.4 -68130.3 -43701.6 -17724.8 8879.92 35170.1 60214.3 83125.4 103092 119406 131490 138916 141421 138916 131490 119406 103092 83125.4 60214.3 35170.1 8879.92 -17724.8 -43701.6 -68130.3 -90145.4 -108967 -123928 -134500 -140306 -141142 -136978 -127962 -114412 -96809.6 -75777.4 -52060.7 -26499.7 3.11155e-10 26499.7 52060.7 75777.4 96809.6 114412 127962 136978 141142 140306 134500 123928 108967 90145.4 68130.3 43701.6 17724.8 -8879.92 -35170.1 -60214.3 -83125.4 -103092 -119406 -131490 -138916 -141421 -138916 -131490 -119406 -103092 -83125.4 -60214.3 -35170.1 -8879.92 17724.8 43701.6 68130.3 90145.4 108967 123928 134500 140306 141142 136978 127962 114412 96809.6 75777.4 52060.7 26499.7 -5.50382e-11 -26499.7 -52060.7 -75777.4 -96809.6 -114412 -127962 -136978 -141142 -140306 -134500 -123928 -108967 -90145.4 -68130.3 -43701.6 -17724.8 8879.92 35170.1 60214.3 83125.4 103092 119406 131490 138916 141421 138916 131490 119406 103092 83125.4 60214.3 35170.1 8879.92 -17724.8 -43701.6 -68130.3 -90145.4 -108967 -123928 -134500 -140306 -141142 -136978 -127962 -114412 -96809.6 -75777.4 -52060.7 -26499.7 
6.5e-12 28678.5 56165.2 81318 103092 120582 133061 140010 141142 136409 126007 110370 90145.4 66175.3 39455.3 11095.8 -17724.8 -45808.8 -71989.3 -95178.3 -114412 -128892 -138015 -141404 -138916 -130656 -116967 -98416.9 -75777.4 -49988.9 -22123.2 6661.86 35170.1 62216.8 86678.1 107538 123928 135170 140794 140567 134500 122843 106082 84912.2 60214.3 33014.2 4442.15 -24314.4 -52060.7 -77643.6 -100000 -118201 -131490 -139315 -141352 -137514 -127962 -113092 -93523.6 -70068.4 -43701.6 -15518.8 13308.9 41583.6 68130.3 91845.8 111745 127000 136978 141264 139680 132292 119406 101558 79490.6 54119.6 26499.7 -2221.35 -30850.1 -58196.9 -83125.4 -104600 -121727 -133797 -140306 -140985 -135806 -124983 -108967 -88422.7 -64204 -37317.3 -8879.92 19926.4 47904.8 73892.5 96809.6 115704 129790 138483 122474 138483 129790 115704 96809.6 73892.5 47904.8 19926.4 -8879.92 -37317.3 -64204 -88422.7 -108967 -124983 -135806 -140985 -140306 -133797 -121727 -104600 -83125.4 -58196.9 -30850.1 -2221.35 26499.7 54119.6 79490.6 101558 119406 132292 139680 141264 136978 127000 111745 91845.8 68130.3 41583.6 13308.9 -15518.8 -43701.6 -70068.4 -93523.6 -113092 -127962 -137514 -141352 -139315 -131490 -118201 -100000 -77643.6 -52060.7 -24314.4 4442.15 33014.2 60214.3 84912.2 106082 122843 134500 140567 140794 135170 123928 107538 86678.1 62216.8 35170.1 6661.86 -22123.2 -49988.9 -75777.4 -98416.9 -116967 -130656 -138916 -141404 -138015 -128892 -114412 -95178.3 -71989.3 -45808.8 -17724.8 11095.8 39455.3 66175.3 90145.4 110370 126007 136409 141142 140010 133061 120582 103092 81318 56165.2 28678.5 
7e-12 30850.1 60214.3 86678.1 108967 126007 136978 141352 138916 129790 114412 93523.6 68130.3 39455.3 8879.92 -22123.2 -52060.7 -79490.6 -103092 -121727 -134500 -140794 -140306 -133061 -119406 -100000 -75777.4 -47904.8 -17724.8 13308.9 43701.6 71989.3 96809.6 116967 131490 139680 141142 135806 123928 106082 83125.4 56165.2 26499.7 -4442.15 -35170.1 -64204 -90145.4 -111745 -127962 -138015 -141421 -138015 -127962 -111745 -90145.4 -64204 -35170.1 -4442.15 26499.7 56165.2 83125.4 106082 123928 135806 141142 139680 131490 116967 96809.6 71989.3 43701.6 13308.9 -17724.8 -47904.8 -75777.4 -100000 -119406 -133061 -140306 -140794 -134500 -121727 -103092 -79490.6 -52060.7 -22123.2 8879.92 39455.3 68130.3 93523.6 114412 129790 138916 141352 136978 126007 108967 86678.1 60214.3 30850.1 1.10212e-10 -30850.1 -60214.3 -86678.1 -108967 -126007 -136978 -141352 -138916 -129790 -114412 -93523.6 -68130.3 -39455.3 -8879.92 22123.2 52060.7 79490.6 103092 121727 134500 140794 140306 133061 119406 100000 75777.4 47904.8 17724.8 -13308.9 -43701.6 -71989.3 -96809.6 -116967 -131490 -139680 -141142 -135806 -123928 -106082 -83125.4 -56165.2 -26499.7 4442.15 35170.1 64204 90145.4 111745 127962 138015 141421 138015 127962 111745 90145.4 64204 35170.1 4442.15 -26499.7 -56165.2 -83125.4 -106082 -123928 -135806 -141142 -139680 -131490 -116967 -96809.6 -71989.3 -43701.6 -13308.9 17724.8 47904.8 75777.4 100000 119406 133061 140306 140794 134500 121727 103092 79490.6 52060.7 22123.2 -8879.92 -39455.3 -68130.3 -93523.6 -114412 -129790 -138916 -141352 -136978 -126007 -108967 -86678.1 -60214.3 -30850.1 
7.5e-12 33014.2 64204 91845.8 114412 130656 139680 140985 134500 120582 100000 73892.5 43701.6 11095.8 -22123.2 -54119.6 -83125.4 -107538 -126007 -137514 -141421 -137514 -126007 -107538 -83125.4 -54119.6 -22123.2 11095.8 43701.6 73892.5 100000 120582 134500 140985 139680 130656 114412 91845.8 64204 33014.2 -6.36876e-10 -33014.2 -64204 -91845.8 -114412 -130656 -139680 -140985 -134500 -120582 -100000 -73892.5 -43701.6 -11095.8 22123.2 54119.6 83125.4 107538 126007 137514 141421 137514 126007 107538 83125.4 54119.6 22123.2 -11095.8 -43701.6 -73892.5 -100000 -120582 -134500 -140985 -139680 -130656 -114412 -91845.8 -64204 -33014.2 9.23609e-10 33014.2 64204 91845.8 114412 130656 139680 140985 134500 120582 100000 73892.5 43701.6 11095.8 -22123.2 -54119.6 -83125.4 -107538 -126007 -137514 -122474 -137514 -126007 -107538 -83125.4 -54119.6 -22123.2 11095.8 43701.6 73892.5 100000 120582 134500 140985 139680 130656 114412 91845.8 64204 33014.2 -2.37966e-09 -33014.2 -64204 -91845.8 -114412 -130656 -139680 -140985 -134500 -120582 -100000 -73892.5 -43701.6 -11095.8 22123.2 54119.6 83125.4 107538 126007 137514 141421 137514 126007 107538 83125.4 54119.6 22123.2 -11095.8 -43701.6 -73892.5 -100000 -120582 -134500 -140985 -139680 -130656 -114412 -91845.8 -64204 -33014.2 -1.98973e-09 33014.2 64204 91845.8 114412 130656 139680 140985 134500 120582 100000 73892.5 43701.6 11095.8 -22123.2 -54119.6 -83125.4 -107538 -126007 -137514 -141421 -137514 -126007 -107538 -83125.4 -54119.6 -22123.2 11095.8 43701.6 73892.5 100000 120582 134500 140985 139680 130656 114412 91845.8 64204 33014.2 
8e-12 35170.1 68130.3 96809.6 119406 134500 141142 138916 127962 108967 83125.4 52060.7 17724.8 -17724.8 -52060.7 -83125.4 -108967 -127962 -138916 -141142 -134500 -119406 -96809.6 -68130.3 -35170.1 -2.02398e-09 35170.1 68130.3 96809.6 119406 134500 141142 138916 127962 108967 83125.4 52060.7 17724.8 -17724.8 -52060.7 -83125.4 -108967 -127962 -138916 -141142 -134500 -119406 -96809.6 -68130.3 -35170.1 1.23674e-09 35170.1 68130.3 96809.6 119406 134500 141142 138916 127962 108967 83125.4 52060.7 17724.8 -17724.8 -52060.7 -83125.4 -108967 -127962 -138916 -141142 -134500 -119406 -96809.6 -68130.3 -35170.1 -1.50117e-10 35170.1 68130.3 96809.6 119406 134500 141142 138916 127962 108967 83125.4 52060.7 17724.8 -17724.8 -52060.7 -83125.4 -108967 -127962 -138916 -141142 -134500 -119406 -96809.6 -68130.3 -35170.1 -8.1016e-10 35170.1 68130.3 96809.6 119406 134500 141142 138916 127962 108967 83125.4 52060.7 17724.8 -17724.8 -52060.7 -83125.4 -108967 -127962 -138916 -141142 -134500 -119406 -96809.6 -68130.3 -35170.1 -1.87741e-09 35170.1 68130.3 96809.6 119406 134500 141142 138916 127962 108967 83125.4 52060.7 17724.8 -17724.8 -52060.7 -83125.4 -108967 -127962 -138916 -141142 -134500 -119406 -96809.6 -68130.3 -35170.1 -1.68057e-09 35170.1 68130.3 96809.6 119406 134500 141142 138916 127962 108967 83125.4 52060.7 17724.8 -17724.8 -52060.7 -83125.4 -108967 -127962 -138916 -141142 -134500 -119406 -96809.6 -68130.3 -35170.1 -2.67974e-09 35170.1 68130.3 96809.6 119406 134500 141142 138916 127962 108967 83125.4 52060.7 17724.8 -17724.8 -52060.7 -83125.4 -108967 -127962 -138916 -141142 -134500 -119406 -96809.6 -68130.3 -35170.1 
8.5e-12 37317.3 71989.3 101558 123928 137514 141352 135170 119406 95178.3 64204 28678.5 -8879.92 -45808.8 -79490.6 -107538 -127962 -139315 -140794 -132292 -114412 -88422.7 -56165.2 -19926.4 17724.8 54119.6 86678.1 113092 131490 140567 139680 128892 108967 81318 47904.8 11095.8 -26499.7 -62216.8 -93523.6 -118201 -134500 -141264 -138015 -124983 -103092 -73892.5 -39455.3 -2221.35 35170.1 70068.4 100000 122843 136978 141404 135806 120582 96809.6 66175.3 30850.1 -6661.86 -43701.6 -77643.6 -106082 -127000 -138916 -140985 -133061 -115704 -90145.4 -58196.9 -22123.2 15518.8 52060.7 84912.2 111745 130656 140306 140010 129790 110370 83125.4 49988.9 13308.9 -24314.4 -60214.3 -91845.8 -116967 -133797 -141142 -138483 -126007 -104600 -75777.4 -41583.6 -4442.15 33014.2 68130.3 98416.9 121727 136409 122474 136409 121727 98416.9 68130.3 33014.2 -4442.15 -41583.6 -75777.4 -104600 -126007 -138483 -141142 -133797 -116967 -91845.8 -60214.3 -24314.4 13308.9 49988.9 83125.4 110370 129790 140010 140306 130656 111745 84912.2 52060.7 15518.8 -22123.2 -58196.9 -90145.4 -115704 -133061 -140985 -138916 -127000 -106082 -77643.6 -43701.6 -6661.86 30850.1 66175.3 96809.6 120582 135806 141404 136978 122843 100000 70068.4 35170.1 -2221.35 -39455.3 -73892.5 -103092 -124983 -138015 -141264 -134500 -118201 -93523.6 -62216.8 -26499.7 11095.8 47904.8 81318 108967 128892 139680 140567 131490 113092 86678.1 54119.6 17724.8 -19926.4 -56165.2 -88422.7 -114412 -132292 -140794 -139315 -127962 -107538 -79490.6 -45808.8 -8879.92 28678.5 64204 95178.3 119406 135170 141352 137514 123928 101558 71989.3 37317.3 
9e-12 39455.3 75777.4 106082 127962 139680 140306 129790 108967 79490.6 43701.6 4442.15 -35170.1 -71989.3 -103092 -126007 -138916 -140794 -131490 -111745 -83125.4 -47904.8 -8879.92 30850.1 68130.3 100000 123928 138015 141142 133061 114412 86678.1 52060.7 13308.9 -26499.7 -64204 -96809.6 -121727 -136978 -141352 -134500 -116967 -90145.4 -56165.2 -17724.8 22123.2 60214.3 93523.6 119406 135806 141421 135806 119406 93523.6 60214.3 22123.2 -17724.8 -56165.2 -90145.4 -116967 -134500 -141352 -136978 -121727 -96809.6 -64204 -26499.7 13308.9 52060.7 86678.1 114412 133061 141142 138015 123928 100000 68130.3 30850.1 -8879.92 -47904.8 -83125.4 -111745 -131490 -140794 -138916 -126007 -103092 -71989.3 -35170.1 4442.15 43701.6 79490.6 108967 129790 140306 139680 127962 106082 75777.4 39455.3 9.50712e-10 -39455.3 -75777.4 -106082 -127962 -139680 -140306 -129790 -108967 -79490.6 -43701.6 -4442.15 35170.1 71989.3 103092 126007 138916 140794 131490 111745 83125.4 47904.8 8879.92 -30850.1 -68130.3 -100000 -123928 -138015 -141142 -133061 -114412 -86678.1 -52060.7 -13308.9 26499.7 64204 96809.6 121727 136978 141352 134500 116967 90145.4 56165.2 17724.8 -22123.2 -60214.3 -93523.6 -119406 -135806 -141421 -135806 -119406 -93523.6 -60214.3 -22123.2 17724.8 56165.2 90145.4 116967 134500 141352 136978 121727 96809.6 64204 26499.7 -13308.9 -52060.7 -86678.1 -114412 -133061 -141142 -138015 -123928 -100000 -68130.3 -30850.1 8879.92 47904.8 83125.4 111745 131490 140794 138916 126007 103092 71989.3 35170.1 -4442.15 -43701.6 -79490.6 -108967 -129790 -140306 -139680 -127962 -106082 -75777.4 -39455.3 
9.5e-12 41583.6 79490.6 110370 131490 140985 138015 122843 96809.6 62216.8 22123.2 -19926.4 -60214.3 -95178.3 -121727 -137514 -141142 -132292 -111745 -81318 -43701.6 -2221.35 39455.3 77643.6 108967 130656 140794 138483 123928 98416.9 64204 24314.4 -17724.8 -58196.9 -93523.6 -120582 -136978 -141264 -133061 -113092 -83125.4 -45808.8 -4442.15 37317.3 75777.4 107538 129790 140567 138916 124983 100000 66175.3 26499.7 -15518.8 -56165.2 -91845.8 -119406 -136409 -141352 -133797 -114412 -84912.2 -47904.8 -6661.86 35170.1 73892.5 106082 128892 140306 139315 126007 101558 68130.3 28678.5 -13308.9 -54119.6 -90145.4 -118201 -135806 -141404 -134500 -115704 -86678.1 -49988.9 -8879.92 33014.2 71989.3 104600 127962 140010 139680 127000 103092 70068.4 30850.1 -11095.8 -52060.7 -88422.7 -116967 -135170 -122474 -135170 -116967 -88422.7 -52060.7 -11095.8 30850.1 70068.4 103092 127000 139680 140010 127962 104600 71989.3 33014.2 -8879.92 -49988.9 -86678.1 -115704 -134500 -141404 -135806 -118201 -90145.4 -54119.6 -13308.9 28678.5 68130.3 101558 126007 139315 140306 128892 106082 73892.5 35170.1 -6661.86 -47904.8 -84912.2 -114412 -133797 -141352 -136409 -119406 -91845.8 -56165.2 -15518.8 26499.7 66175.3 100000 124983 138916 140567 129790 107538 75777.4 37317.3 -4442.15 -45808.8 -83125.4 -113092 -133061 -141264 -136978 -120582 -93523.6 -58196.9 -17724.8 24314.4 64204 98416.9 123928 138483 140794 130656 108967 77643.6 39455.3 -2221.35 -43701.6 -81318 -111745 -132292 -141142 -137514 -121727 -95178.3 -60214.3 -19926.4 22123.2 62216.8 96809.6 122843 138015 140985 131490 110370 79490.6 41583.6 
1e-11 43701.6 83125.4 114412 134500 141421 134500 114412 83125.4 43701.6 5.76131e-09 -43701.6 -83125.4 -114412 -134500 -141421 -134500 -114412 -83125.4 -43701.6 -1.50638e-09 43701.6 83125.4 114412 134500 141421 134500 114412 83125.4 43701.6 2.48097e-09 -43701.6 -83125.4 -114412 -134500 -141421 -134500 -114412 -83125.4 -43701.6 3.11596e-10 43701.6 83125.4 114412 134500 141421 134500 114412 83125.4 43701.6 -1.30571e-09 -43701.6 -83125.4 -114412 -134500 -141421 -134500 -114412 -83125.4 -43701.6 -3.26867e-10 43701.6 83125.4 114412 134500 141421 134500 114412 83125.4 43701.6 -2.5214e-10 -43701.6 -83125.4 -114412 -134500 -141421 -134500 -114412 -83125.4 -43701.6 1.87231e-09 43701.6 83125.4 114412 134500 141421 134500 114412 83125.4 43701.6 -3.32358e-09 -43701.6 -83125.4 -114412 -134500 -141421 -134500 -114412 -83125.4 -43701.6 -1.2435e-09 43701.6 83125.4 114412 134500 141421 134500 114412 83125.4 43701.6 5.45906e-09 -43701.6 -83125.4 -114412 -134500 -141421 -134500 -114412 -83125.4 -43701.6 2.94866e-09 43701.6 83125.4 114412 134500 141421 134500 114412 83125.4 43701.6 7.93763e-10 -43701.6 -83125.4 -114412 -134500 -141421 -134500 -114412 -83125.4 -43701.6 1.65358e-10 43701.6 83125.4 114412 134500 141421 134500 114412 83125.4 43701.6 3.94626e-09 -43701.6 -83125.4 -114412 -134500 -141421 -134500 -114412 -83125.4 -43701.6 -4.29522e-09 43701.6 83125.4 114412 134500 141421 134500 114412 83125.4 43701.6 2.59747e-09 -43701.6 -83125.4 -114412 -134500 -141421 -134500 -114412 -83125.4 -43701.6 -1.82247e-08 43701.6 83125.4 114412 134500 141421 134500 114412 83125.4 43701.6 5.33635e-08 -43701.6 -83125.4 -114412 -134500 -141421 -134500 -114412 -83125.4 -43701.6 
1.05e-11 45808.8 86678.1 118201 136978 140985 129790 104600 68130.3 24314.4 -22123.2 -66175.3 -103092 -128892 -140794 -137514 -119406 -88422.7 -47904.8 -2221.35 43701.6 84912.2 116967 136409 141142 130656 106082 70068.4 26499.7 -19926.4 -64204 -101558 -127962 -140567 -138015 -120582 -90145.4 -49988.9 -4442.15 41583.6 83125.4 115704 135806 141264 131490 107538 71989.3 28678.5 -17724.8 -62216.8 -100000 -127000 -140306 -138483 -121727 -91845.8 -52060.7 -6661.86 39455.3 81318 114412 135170 141352 132292 108967 73892.5 30850.1 -15518.8 -60214.3 -98416.9 -126007 -140010 -138916 -122843 -93523.6 -54119.6 -8879.92 37317.3 79490.6 113092 134500 141404 133061 110370 75777.4 33014.2 -13308.9 -58196.9 -96809.6 -124983 -139680 -139315 -123928 -95178.3 -56165.2 -11095.8 35170.1 77643.6 111745 133797 122474 133797 111745 77643.6 35170.1 -11095.8 -56165.2 -95178.3 -123928 -139315 -139680 -124983 -96809.6 -58196.9 -13308.9 33014.2 75777.4 110370 133061 141404 134500 113092 79490.6 37317.3 -8879.92 -54119.6 -93523.6 -122843 -138916 -140010 -126007 -98416.9 -60214.3 -15518.8 30850.1 73892.5 108967 132292 141352 135170 114412 81318 39455.3 -6661.86 -52060.7 -91845.8 -121727 -138483 -140306 -127000 -100000 -62216.8 -17724.8 28678.5 71989.3 107538 131490 141264 135806 115704 83125.4 41583.6 -4442.15 -49988.9 -90145.4 -120582 -138015 -140567 -127962 -101558 -64204 -19926.4 26499.7 70068.4 106082 130656 141142 136409 116967 84912.2 43701.6 -2221.35 -47904.8 -88422.7 -119406 -137514 -140794 -128892 -103092 -66175.3 -22123.2 24314.4 68130.3 104600 129790 140985 136978 118201 86678.1 45808.8 
1.1e-11 47904.8 90145.4 121727 138916 139680 123928 93523.6 52060.7 4442.15 -43701.6 -86678.1 -119406 -138015 -140306 -126007 -96809.6 -56165.2 -8879.92 39455.3 83125.4 116967 136978 140794 127962 100000 60214.3 13308.9 -35170.1 -79490.6 -114412 -135806 -141142 -129790 -103092 -64204 -17724.8 30850.1 75777.4 111745 134500 141352 131490 106082 68130.3 22123.2 -26499.7 -71989.3 -108967 -133061 -141421 -133061 -108967 -71989.3 -26499.7 22123.2 68130.3 106082 131490 141352 134500 111745 75777.4 30850.1 -17724.8 -64204 -103092 -129790 -141142 -135806 -114412 -79490.6 -35170.1 13308.9 60214.3 100000 127962 140794 136978 116967 83125.4 39455.3 -8879.92 -56165.2 -96809.6 -126007 -140306 -138015 -119406 -86678.1 -43701.6 4442.15 52060.7 93523.6 123928 139680 138916 121727 90145.4 47904.8 1.57125e-09 -47904.8 -90145.4 -121727 -138916 -139680 -123928 -93523.6 -52060.7 -4442.15 43701.6 86678.1 119406 138015 140306 126007 96809.6 56165.2 8879.92 -39455.3 -83125.4 -116967 -136978 -140794 -127962 -100000 -60214.3 -13308.9 35170.1 79490.6 114412 135806 141142 129790 103092 64204 17724.8 -30850.1 -75777.4 -111745 -134500 -141352 -131490 -106082 -68130.3 -22123.2 26499.7 71989.3 108967 133061 141421 133061 108967 71989.3 26499.7 -22123.2 -68130.3 -106082 -131490 -141352 -134500 -111745 -75777.4 -30850.1 17724.8 64204 103092 129790 141142 135806 114412 79490.6 35170.1 -13308.9 -60214.3 -100000 -127962 -140794 -136978 -116967 -83125.4 -39455.3 8879.92 56165.2 96809.6 126007 140306 138015 119406 86678.1 43701.6 -4442.15 -52060.7 -93523.6 -123928 -139680 -138916 -121727 -90145.4 -47904.8 
1.15e-11 49988.9 93523.6 124983 140306 137514 116967 81318 35170.1 -15518.8 -64204 -104600 -131490 -141404 -133061 -107538 -68130.3 -19926.4 30850.1 77643.6 114412 136409 140794 127000 96809.6 54119.6 4442.15 -45808.8 -90145.4 -122843 -139680 -138483 -119406 -84912.2 -39455.3 11095.8 60214.3 101558 129790 141264 134500 110370 71989.3 24314.4 -26499.7 -73892.5 -111745 -135170 -141142 -128892 -100000 -58196.9 -8879.92 41583.6 86678.1 120582 138916 139315 121727 88422.7 43701.6 -6661.86 -56165.2 -98416.9 -127962 -140985 -135806 -113092 -75777.4 -28678.5 22123.2 70068.4 108967 133797 141352 130656 103092 62216.8 13308.9 -37317.3 -83125.4 -118201 -138015 -140010 -123928 -91845.8 -47904.8 2221.35 52060.7 95178.3 126007 140567 136978 115704 79490.6 33014.2 -17724.8 -66175.3 -106082 -132292 -122474 -132292 -106082 -66175.3 -17724.8 33014.2 79490.6 115704 136978 140567 126007 95178.3 52060.7 2221.35 -47904.8 -91845.8 -123928 -140010 -138015 -118201 -83125.4 -37317.3 13308.9 62216.8 103092 130656 141352 133797 108967 70068.4 22123.2 -28678.5 -75777.4 -113092 -135806 -140985 -127962 -98416.9 -56165.2 -6661.86 43701.6 88422.7 121727 139315 138916 120582 86678.1 41583.6 -8879.92 -58196.9 -100000 -128892 -141142 -135170 -111745 -73892.5 -26499.7 24314.4 71989.3 110370 134500 141264 129790 101558 60214.3 11095.8 -39455.3 -84912.2 -119406 -138483 -139680 -122843 -90145.4 -45808.8 4442.15 54119.6 96809.6 127000 140794 136409 114412 77643.6 30850.1 -19926.4 -68130.3 -107538 -133061 -141404 -131490 -104600 -64204 -15518.8 35170.1 81318 116967 137514 140306 124983 93523.6 49988.9 
1.2e-11 52060.7 96809.6 127962 141142 134500 108967 68130.3 17724.8 -35170.1 -83125.4 -119406 -138916 -138916 -119406 -83125.4 -35170.1 17724.8 68130.3 108967 134500 141142 127962 96809.6 52060.7 3.29041e-09 -52060.7 -96809.6 -127962 -141142 -134500 -108967 -68130.3 -17724.8 35170.1 83125.4 119406 138916 138916 119406 83125.4 35170.1 -17724.8 -68130.3 -108967 -134500 -141142 -127962 -96809.6 -52060.7 1.52575e-09 52060.7 96809.6 127962 141142 134500 108967 68130.3 17724.8 -35170.1 -83125.4 -119406 -138916 -138916 -119406 -83125.4 -35170.1 17724.8 68130.3 108967 134500 141142 127962 96809.6 52060.7 -1.93497e-10 -52060.7 -96809.6 -127962 -141142 -134500 -108967 -68130.3 -17724.8 35170.1 83125.4 119406 138916 138916 119406 83125.4 35170.1 -17724.8 -68130.3 -108967 -134500 -141142 -127962 -96809.6 -52060.7 -2.28451e-09 52060.7 96809.6 127962 141142 134500 108967 68130.3 17724.8 -35170.1 -83125.4 -119406 -138916 -138916 -119406 -83125.4 -35170.1 17724.8 68130.3 108967 134500 141142 127962 96809.6 52060.7 2.74292e-09 -52060.7 -96809.6 -127962 -141142 -134500 -108967 -68130.3 -17724.8 35170.1 83125.4 119406 138916 138916 119406 83125.4 35170.1 -17724.8 -68130.3 -108967 -134500 -141142 -127962 -96809.6 -52060.7 -4.77068e-09 52060.7 96809.6 127962 141142 134500 108967 68130.3 17724.8 -35170.1 -83125.4 -119406 -138916 -138916 -119406 -83125.4 -35170.1 17724.8 68130.3 108967 134500 141142 127962 96809.6 52060.7 7.5904e-09 -52060.7 -96809.6 -127962 -141142 -134500 -108967 -68130.3 -17724.8 35170.1 83125.4 119406 138916 138916 119406 83125.4 35170.1 -17724.8 -68130.3 -108967 -134500 -141142 -127962 -96809.6 -52060.7 
