0 0 0 0 0 0 0 0 0 0 0 0 0 0 0 0 0 0 0 0 0 0 0 0 0 0 0 0 0 0 0 0 0 0 0 0 0 0 0 0 0 0 0 0 0 0 0 0 0 0 0 0 0 0 0 0 0 0 0 0 0 0 0 0 0 0 0 0 0 0 0 0 0 0 0 0 0 0 0 0 0 0 0 0 0 0 0 0 0 0 0 0 0 0 0 0 0 0 0 
2e-12 280.991 561.97 842.928 1123.85 1404.73 1685.56 1966.31 2246.99 2527.59 2808.08 3088.46 3368.72 3648.84 3928.82 4208.65 4488.31 4767.8 5047.09 5326.19 5605.07 5883.74 6162.17 6440.36 6718.29 6995.96 7273.36 7550.46 7827.27 8103.77 8379.95 8655.8 8931.3 9206.46 9481.25 9755.66 10029.7 10303.3 10576.6 10849.4 11121.7 11393.7 11665.2 11936.2 12206.8 12476.9 12746.4 13015.5 13284.1 13552.1 13819.7 14086.6 14353 14618.9 14884.1 15148.8 15412.9 15676.4 15939.2 16201.4 16463 16724 16984.2 17243.8 17502.8 17761 18018.5 18275.3 18531.4 18786.8 19041.4 19295.3 19548.4 19800.8 20052.3 20303.1 20553 20802.2 21050.5 21298 21544.7 21790.5 22035.4 22279.5 22522.7 22765 23006.4 23246.9 23486.5 23725.2 23962.9 24199.7 24435.5 24670.4 24904.2 25137.1 25369 25599.9 25829.8 
4e-12 561.97 1123.85 1685.56 2246.99 2808.08 3368.72 3928.82 4488.31 5047.09 5605.07 6162.17 6718.29 7273.36 7827.27 8379.95 8931.3 9481.25 10029.7 10576.6 11121.7 11665.2 12206.8 12746.4 13284.1 13819.7 14353 14884.1 15412.9 15939.2 16463 16984.2 17502.8 18018.5 18531.4 19041.4 19548.4 20052.3 20553 21050.5 21544.7 22035.4 22522.7 23006.4 23486.5 23962.9 24435.5 24904.2 25369 25829.8 26286.6 26739.1 27187.5 27631.5 28071.2 28506.5 28937.2 29363.4 29785 30201.8 30613.9 31021.1 31423.5 31820.8 32213.2 32600.5 32982.6 33359.5 33731.1 34097.5 34458.4 34813.9 35163.9 35508.3 35847.2 36180.3 36507.8 36829.5 37145.4 37455.4 37759.5 38057.6 38349.8 38635.8 38915.8 39189.6 39457.3 39718.7 39973.8 40222.6 40465.1 40701.2 40930.8 41154 41370.7 41580.9 41784.5 41981.5 42171.8 
6e-12 842.928 1685.56 2527.59 3368.72 4208.65 5047.09 5883.74 6718.29 7550.46 8379.95 9206.46 10029.7 10849.4 11665.2 12476.9 13284.1 14086.6 14884.1 15676.4 16463 17243.8 18018.5 18786.8 19548.4 20303.1 21050.5 21790.5 22522.7 23246.9 23962.9 24670.4 25369 26058.7 26739.1 27410 28071.2 28722.4 29363.4 29994 30613.9 31222.9 31820.8 32407.5 32982.6 33546 34097.5 34636.8 35163.9 35678.5 36180.3 36669.4 37145.4 37608.2 38057.6 38493.6 38915.8 39324.2 39718.7 40099 40465.1 40816.8 41154 41476.6 41784.5 42077.5 42355.5 42618.5 42866.4 43099 43316.4 43518.3 43704.8 43875.7 44031.1 44170.8 44294.8 44403.1 44495.6 44572.3 44633.1 44678.1 44707.2 44720.5 44717.8 44699.3 44664.9 44614.6 44548.4 44466.5 44368.7 44255.2 44125.9 43981 43820.5 43644.3 43452.7 43245.6 43023.2 
8e-12 1123.85 2246.99 3368.72 4488.31 5605.07 6718.29 7827.27 8931.3 10029.7 11121.7 12206.8 13284.1 14353 15412.9 16463 17502.8 18531.4 19548.4 20553 21544.7 22522.7 23486.5 24435.5 25369 26286.6 27187.5 28071.2 28937.2 29785 30613.9 31423.5 32213.2 32982.6 33731.1 34458.4 35163.9 35847.2 36507.8 37145.4 37759.5 38349.8 38915.8 39457.3 39973.8 40465.1 40930.8 41370.7 41784.5 42171.8 42532.5 42866.4 43173.2 43452.7 43704.8 43929.2 44125.9 44294.8 44435.6 44548.4 44633.1 44689.6 44717.8 44717.8 44689.6 44633.1 44548.4 44435.6 44294.8 44125.9 43929.2 43704.8 43452.7 43173.2 42866.4 42532.5 42171.8 41784.5 41370.7 40930.8 40465.1 39973.8 39457.3 38915.8 38349.8 37759.5 37145.4 36507.8 35847.2 35163.9 34458.4 33731.1 32982.6 32213.2 31423.5 30613.9 29785 28937.2 28071.2 
1e-11 1404.73 2808.08 4208.65 5605.07 6995.96 8379.95 9755.66 11121.7 12476.9 13819.7 15148.8 16463 17761 19041.4 20303.1 21544.7 22765 23962.9 25137.1 26286.6 27410 28506.5 29574.8 30613.9 31622.8 32600.5 33546 34458.4 35336.8 36180.3 36988.2 37759.5 38493.6 39189.6 39847 40465.1 41043.2 41580.9 42077.5 42532.5 42945.6 43316.4 43644.3 43929.2 44170.8 44368.7 44522.9 44633.1 44699.3 44721.4 44699.3 44633.1 44522.9 44368.7 44170.8 43929.2 43644.3 43316.4 42945.6 42532.5 42077.5 41580.9 41043.2 40465.1 39847 39189.6 38493.6 37759.5 36988.2 36180.3 35336.8 34458.4 33546 32600.5 31622.8 30613.9 29574.8 28506.5 27410 26286.6 25137.1 23962.9 22765 21544.7 20303.1 19041.4 17761 16463 15148.8 13819.7 12476.9 11121.7 9755.66 8379.95 6995.96 5605.07 4208.65 2808.08 
1.2e-11 1685.56 3368.72 5047.09 6718.29 8379.95 10029.7 11665.2 13284.1 14884.1 16463 18018.5 19548.4 21050.5 22522.7 23962.9 25369 26739.1 28071.2 29363.4 30613.9 31820.8 32982.6 34097.5 35163.9 36180.3 37145.4 38057.6 38915.8 39718.7 40465.1 41154 41784.5 42355.5 42866.4 43316.4 43704.8 44031.1 44294.8 44495.6 44633.1 44707.2 44717.8 44664.9 44548.4 44368.7 44125.9 43820.5 43452.7 43023.2 42532.5 41981.5 41370.7 40701.2 39973.8 39189.6 38349.8 37455.4 36507.8 35508.3 34458.4 33359.5 32213.2 31021.1 29785 28506.5 27187.5 25829.8 24435.5 23006.4 21544.7 20052.3 18531.4 16984.2 15412.9 13819.7 12206.8 10576.6 8931.3 7273.36 5605.07 3928.82 2246.99 561.97 -1123.85 -2808.08 -4488.31 -6162.17 -7827.27 -9481.25 -11121.7 -12746.4 -14353 -15939.2 -17502.8 -19041.4 -20553 -22035.4 -23486.5 
1.4e-11 1966.31 3928.82 5883.74 7827.27 9755.66 11665.2 13552.1 15412.9 17243.8 19041.4 20802.2 22522.7 24199.7 25829.8 27410 28937.2 30408.4 31820.8 33171.7 34458.4 35678.5 36829.5 37909.3 38915.8 39847 40701.2 41476.6 42171.8 42785.5 43316.4 43763.5 44125.9 44403.1 44594.3 44699.3 44717.8 44649.9 44495.6 44255.2 43929.2 43518.3 43023.2 42444.9 41784.5 41043.2 40222.6 39324.2 38349.8 37301.1 36180.3 34989.6 33731.1 32407.5 31021.1 29574.8 28071.2 26513.4 24904.2 23246.9 21544.7 19800.8 18018.5 16201.4 14353 12476.9 10576.6 8655.8 6718.29 4767.8 2808.08 842.928 -1123.85 -3088.46 -5047.09 -6995.96 -8931.3 -10849.4 -12746.4 -14618.9 -16463 -18275.3 -20052.3 -21790.5 -23486.5 -25137.1 -26739.1 -28289.4 -29785 -31222.9 -32600.5 -33915 -35163.9 -36344.8 -37455.4 -38493.6 -39457.3 -40344.7 -41154 
1.6e-11 2246.99 4488.31 6718.29 8931.3 11121.7 13284.1 15412.9 17502.8 19548.4 21544.7 23486.5 25369 27187.5 28937.2 30613.9 32213.2 33731.1 35163.9 36507.8 37759.5 38915.8 39973.8 40930.8 41784.5 42532.5 43173.2 43704.8 44125.9 44435.6 44633.1 44717.8 44689.6 44548.4 44294.8 43929.2 43452.7 42866.4 42171.8 41370.7 40465.1 39457.3 38349.8 37145.4 35847.2 34458.4 32982.6 31423.5 29785 28071.2 26286.6 24435.5 22522.7 20553 18531.4 16463 14353 12206.8 10029.7 7827.27 5605.07 3368.72 1123.85 -1123.85 -3368.72 -5605.07 -7827.27 -10029.7 -12206.8 -14353 -16463 -18531.4 -20553 -22522.7 -24435.5 -26286.6 -28071.2 -29785 -31423.5 -32982.6 -34458.4 -35847.2 -37145.4 -38349.8 -39457.3 -40465.1 -41370.7 -42171.8 -42866.4 -43452.7 -43929.2 -44294.8 -44548.4 -44689.6 -44717.8 -44633.1 -44435.6 -44125.9 -43704.8 
1.8e-11 2527.59 5047.09 7550.46 10029.7 12476.9 14884.1 17243.8 19548.4 21790.5 23962.9 26058.7 28071.2 29994 31820.8 33546 35163.9 36669.4 38057.6 39324.2 40465.1 41476.6 42355.5 43099 43704.8 44170.8 44495.6 44678.1 44717.8 44614.6 44368.7 43981 43452.7 42785.5 41981.5 41043.2 39973.8 38776.6 37455.4 36014.5 34458.4 32792.2 31021.1 29150.9 27187.5 25137.1 23006.4 20802.2 18531.4 16201.4 13819.7 11393.7 8931.3 6440.36 3928.82 1404.73 -1123.85 -3648.84 -6162.17 -8655.8 -11121.7 -13552.1 -15939.2 -18275.3 -20553 -22765 -24904.2 -26963.8 -28937.2 -30818.1 -32600.5 -34278.6 -35847.2 -37301.1 -38635.8 -39847 -40930.8 -41883.8 -42702.8 -43385.4 -43929.2 -44332.6 -44594.3 -44713.4 -44689.6 -44522.9 -44213.9 -43763.5 -43173.2 -42444.9 -41580.9 -40583.9 -39457.3 -38204.4 -36829.5 -35336.8 -33731.1 -32017.7 -30201.8 
2e-11 2808.08 5605.07 8379.95 11121.7 13819.7 16463 19041.4 21544.7 23962.9 26286.6 28506.5 30613.9 32600.5 34458.4 36180.3 37759.5 39189.6 40465.1 41580.9 42532.5 43316.4 43929.2 44368.7 44633.1 44721.4 44633.1 44368.7 43929.2 43316.4 42532.5 41580.9 40465.1 39189.6 37759.5 36180.3 34458.4 32600.5 30613.9 28506.5 26286.6 23962.9 21544.7 19041.4 16463 13819.7 11121.7 8379.95 5605.07 2808.08 -1.08837e-09 -2808.08 -5605.07 -8379.95 -11121.7 -13819.7 -16463 -19041.4 -21544.7 -23962.9 -26286.6 -28506.5 -30613.9 -32600.5 -34458.4 -36180.3 -37759.5 -39189.6 -40465.1 -41580.9 -42532.5 -43316.4 -43929.2 -44368.7 -44633.1 -44721.4 -44633.1 -44368.7 -43929.2 -43316.4 -42532.5 -41580.9 -40465.1 -39189.6 -37759.5 -36180.3 -34458.4 -32600.5 -30613.9 -28506.5 -26286.6 -23962.9 -21544.7 -19041.4 -16463 -13819.7 -11121.7 -8379.95 -5605.07 
2.2e-11 3088.46 6162.17 9206.46 12206.8 15148.8 18018.5 20802.2 23486.5 26058.7 28506.5 30818.1 32982.6 34989.6 36829.5 38493.6 39973.8 41263.2 42355.5 43245.6 43929.2 44403.1 44664.9 44713.4 44548.4 44170.8 43582.2 42785.5 41784.5 40583.9 39189.6 37608.2 35847.2 33915 31820.8 29574.8 27187.5 24670.4 22035.4 19295.3 16463 13552.1 10576.6 7550.46 4488.31 1404.73 -1685.56 -4767.8 -7827.27 -10849.4 -13819.7 -16724 -19548.4 -22279.5 -24904.2 -27410 -29785 -32017.7 -34097.5 -36014.5 -37759.5 -39324.2 -40701.2 -41883.8 -42866.4 -43644.3 -44213.9 -44572.3 -44717.8 -44649.9 -44368.7 -43875.7 -43173.2 -42264.5 -41154 -39847 -38349.8 -36669.4 -34813.9 -32792.2 -30613.9 -28289.4 -25829.8 -23246.9 -20553 -17761 -14884.1 -11936.2 -8931.3 -5883.74 -2808.08 280.991 3368.72 6440.36 9481.25 12476.9 15412.9 18275.3 21050.5 
2.4e-11 3368.72 6718.29 10029.7 13284.1 16463 19548.4 22522.7 25369 28071.2 30613.9 32982.6 35163.9 37145.4 38915.8 40465.1 41784.5 42866.4 43704.8 44294.8 44633.1 44717.8 44548.4 44125.9 43452.7 42532.5 41370.7 39973.8 38349.8 36507.8 34458.4 32213.2 29785 27187.5 24435.5 21544.7 18531.4 15412.9 12206.8 8931.3 5605.07 2246.99 -1123.85 -4488.31 -7827.27 -11121.7 -14353 -17502.8 -20553 -23486.5 -26286.6 -28937.2 -31423.5 -33731.1 -35847.2 -37759.5 -39457.3 -40930.8 -42171.8 -43173.2 -43929.2 -44435.6 -44689.6 -44689.6 -44435.6 -43929.2 -43173.2 -42171.8 -40930.8 -39457.3 -37759.5 -35847.2 -33731.1 -31423.5 -28937.2 -26286.6 -23486.5 -20553 -17502.8 -14353 -11121.7 -7827.27 -4488.31 -1123.85 2246.99 5605.07 8931.3 12206.8 15412.9 18531.4 21544.7 24435.5 27187.5 29785 32213.2 34458.4 36507.8 38349.8 39973.8 
2.6e-11 3648.84 7273.36 10849.4 14353 17761 21050.5 24199.7 27187.5 29994 32600.5 34989.6 37145.4 39053.5 40701.2 42077.5 43173.2 43981 44495.6 44713.4 44633.1 44255.2 43582.2 42618.5 41370.7 39847 38057.6 36014.5 33731.1 31222.9 28506.5 25599.9 22522.7 19295.3 15939.2 12476.9 8931.3 5326.19 1685.56 -1966.31 -5605.07 -9206.46 -12746.4 -16201.4 -19548.4 -22765 -25829.8 -28722.4 -31423.5 -33915 -36180.3 -38204.4 -39973.8 -41476.6 -42702.8 -43644.3 -44294.8 -44649.9 -44707.2 -44466.5 -43929.2 -43099 -41981.5 -40583.9 -38915.8 -36988.2 -34813.9 -32407.5 -29785 -26963.8 -23962.9 -20802.2 -17502.8 -14086.6 -10576.6 -6995.96 -3368.72 280.991 3928.82 7550.46 11121.7 14618.9 18018.5 21298 24435.5 27410 30201.8 32792.2 35163.9 37301.1 39189.6 40816.8 42171.8 43245.6 44031.1 44522.9 44717.8 44614.6 44213.9 
2.8e-11 3928.82 7827.27 11665.2 15412.9 19041.4 22522.7 25829.8 28937.2 31820.8 34458.4 36829.5 38915.8 40701.2 42171.8 43316.4 44125.9 44594.3 44717.8 44495.6 43929.2 43023.2 41784.5 40222.6 38349.8 36180.3 33731.1 31021.1 28071.2 24904.2 21544.7 18018.5 14353 10576.6 6718.29 2808.08 -1123.85 -5047.09 -8931.3 -12746.4 -16463 -20052.3 -23486.5 -26739.1 -29785 -32600.5 -35163.9 -37455.4 -39457.3 -41154 -42532.5 -43582.2 -44294.8 -44664.9 -44689.6 -44368.7 -43704.8 -42702.8 -41370.7 -39718.7 -37759.5 -35508.3 -32982.6 -30201.8 -27187.5 -23962.9 -20553 -16984.2 -13284.1 -9481.25 -5605.07 -1685.56 2246.99 6162.17 10029.7 13819.7 17502.8 21050.5 24435.5 27631.5 30613.9 33359.5 35847.2 38057.6 39973.8 41580.9 42866.4 43820.5 44435.6 44707.2 44633.1 44213.9 43452.7 42355.5 40930.8 39189.6 37145.4 34813.9 32213.2 
3e-11 4208.65 8379.95 12476.9 16463 20303.1 23962.9 27410 30613.9 33546 36180.3 38493.6 40465.1 42077.5 43316.4 44170.8 44633.1 44699.3 44368.7 43644.3 42532.5 41043.2 39189.6 36988.2 34458.4 31622.8 28506.5 25137.1 21544.7 17761 13819.7 9755.66 5605.07 1404.73 -2808.08 -6995.96 -11121.7 -15148.8 -19041.4 -22765 -26286.6 -29574.8 -32600.5 -35336.8 -37759.5 -39847 -41580.9 -42945.6 -43929.2 -44522.9 -44721.4 -44522.9 -43929.2 -42945.6 -41580.9 -39847 -37759.5 -35336.8 -32600.5 -29574.8 -26286.6 -22765 -19041.4 -15148.8 -11121.7 -6995.96 -2808.08 1404.73 5605.07 9755.66 13819.7 17761 21544.7 25137.1 28506.5 31622.8 34458.4 36988.2 39189.6 41043.2 42532.5 43644.3 44368.7 44699.3 44633.1 44170.8 43316.4 42077.5 40465.1 38493.6 36180.3 33546 30613.9 27410 23962.9 20303.1 16463 12476.9 8379.95 
3.2e-11 4488.31 8931.3 13284.1 17502.8 21544.7 25369 28937.2 32213.2 35163.9 37759.5 39973.8 41784.5 43173.2 44125.9 44633.1 44689.6 44294.8 43452.7 42171.8 40465.1 38349.8 35847.2 32982.6 29785 26286.6 22522.7 18531.4 14353 10029.7 5605.07 1123.85 -3368.72 -7827.27 -12206.8 -16463 -20553 -24435.5 -28071.2 -31423.5 -34458.4 -37145.4 -39457.3 -41370.7 -42866.4 -43929.2 -44548.4 -44717.8 -44435.6 -43704.8 -42532.5 -40930.8 -38915.8 -36507.8 -33731.1 -30613.9 -27187.5 -23486.5 -19548.4 -15412.9 -11121.7 -6718.29 -2246.99 2246.99 6718.29 11121.7 15412.9 19548.4 23486.5 27187.5 30613.9 33731.1 36507.8 38915.8 40930.8 42532.5 43704.8 44435.6 44717.8 44548.4 43929.2 42866.4 41370.7 39457.3 37145.4 34458.4 31423.5 28071.2 24435.5 20553 16463 12206.8 7827.27 3368.72 -1123.85 -5605.07 -10029.7 -14353 -18531.4 
3.4e-11 4767.8 9481.25 14086.6 18531.4 22765 26739.1 30408.4 33731.1 36669.4 39189.6 41263.2 42866.4 43981 44594.3 44699.3 44294.8 43385.4 41981.5 40099 37759.5 34989.6 31820.8 28289.4 24435.5 20303.1 15939.2 11393.7 6718.29 1966.31 -2808.08 -7550.46 -12206.8 -16724 -21050.5 -25137.1 -28937.2 -32407.5 -35508.3 -38204.4 -40465.1 -42264.5 -43582.2 -44403.1 -44717.8 -44522.9 -43820.5 -42618.5 -40930.8 -38776.6 -36180.3 -33171.7 -29785 -26058.7 -22035.4 -17761 -13284.1 -8655.8 -3928.82 842.928 5605.07 10303.3 14884.1 19295.3 23486.5 27410 31021.1 34278.6 37145.4 39588.7 41580.9 43099 44125.9 44649.9 44664.9 44170.8 43173.2 41683.5 39718.7 37301.1 34458.4 31222.9 27631.5 23725.2 19548.4 15148.8 10576.6 5883.74 1123.85 -3648.84 -8379.95 -13015.5 -17502.8 -21790.5 -25829.8 -29574.8 -32982.6 -36014.5 -38635.8 
3.6e-11 5047.09 10029.7 14884.1 19548.4 23962.9 28071.2 31820.8 35163.9 38057.6 40465.1 42355.5 43704.8 44495.6 44717.8 44368.7 43452.7 41981.5 39973.8 37455.4 34458.4 31021.1 27187.5 23006.4 18531.4 13819.7 8931.3 3928.82 -1123.85 -6162.17 -11121.7 -15939.2 -20553 -24904.2 -28937.2 -32600.5 -35847.2 -38635.8 -40930.8 -42702.8 -43929.2 -44594.3 -44689.6 -44213.9 -43173.2 -41580.9 -39457.3 -36829.5 -33731.1 -30201.8 -26286.6 -22035.4 -17502.8 -12746.4 -7827.27 -2808.08 2246.99 7273.36 12206.8 16984.2 21544.7 25829.8 29785 33359.5 36507.8 39189.6 41370.7 43023.2 44125.9 44664.9 44633.1 44031.1 42866.4 41154 38915.8 36180.3 32982.6 29363.4 25369 21050.5 16463 11665.2 6718.29 1685.56 -3368.72 -8379.95 -13284.1 -18018.5 -22522.7 -26739.1 -30613.9 -34097.5 -37145.4 -39718.7 -41784.5 -43316.4 -44294.8 -44707.2 -44548.4 
3.8e-11 5326.19 10576.6 15676.4 20553 25137.1 29363.4 33171.7 36507.8 39324.2 41580.9 43245.6 44294.8 44713.4 44495.6 43644.3 42171.8 40099 37455.4 34278.6 30613.9 26513.4 22035.4 17243.8 12206.8 6995.96 1685.56 -3648.84 -8931.3 -14086.6 -19041.4 -23725.2 -28071.2 -32017.7 -35508.3 -38493.6 -40930.8 -42785.5 -44031.1 -44649.9 -44633.1 -43981 -42702.8 -40816.8 -38349.8 -35336.8 -31820.8 -27851.9 -23486.5 -18786.8 -13819.7 -8655.8 -3368.72 1966.31 7273.36 12476.9 17502.8 22279.5 26739.1 30818.1 34458.4 37608.2 40222.6 42264.5 43704.8 44522.9 44707.2 44255.2 43173.2 41476.6 39189.6 36344.8 32982.6 29150.9 24904.2 20303.1 15412.9 10303.3 5047.09 -280.991 -5605.07 -10849.4 -15939.2 -20802.2 -25369 -29574.8 -33359.5 -36669.4 -39457.3 -41683.5 -43316.4 -44332.6 -44717.8 -44466.5 -43582.2 -42077.5 -39973.8 -37301.1 -34097.5 
4e-11 5605.07 11121.7 16463 21544.7 26286.6 30613.9 34458.4 37759.5 40465.1 42532.5 43929.2 44633.1 44633.1 43929.2 42532.5 40465.1 37759.5 34458.4 30613.9 26286.6 21544.7 16463 11121.7 5605.07 5.64085e-10 -5605.07 -11121.7 -16463 -21544.7 -26286.6 -30613.9 -34458.4 -37759.5 -40465.1 -42532.5 -43929.2 -44633.1 -44633.1 -43929.2 -42532.5 -40465.1 -37759.5 -34458.4 -30613.9 -26286.6 -21544.7 -16463 -11121.7 -5605.07 1.58532e-09 5605.07 11121.7 16463 21544.7 26286.6 30613.9 34458.4 37759.5 40465.1 42532.5 43929.2 44633.1 44633.1 43929.2 42532.5 40465.1 37759.5 34458.4 30613.9 26286.6 21544.7 16463 11121.7 5605.07 1.09737e-09 -5605.07 -11121.7 -16463 -21544.7 -26286.6 -30613.9 -34458.4 -37759.5 -40465.1 -42532.5 -43929.2 -44633.1 -44633.1 -43929.2 -42532.5 -40465.1 -37759.5 -34458.4 -30613.9 -26286.6 -21544.7 -16463 -11121.7 
4.2e-11 5883.74 11665.2 17243.8 22522.7 27410 31820.8 35678.5 38915.8 41476.6 43316.4 44403.1 44717.8 44255.2 43023.2 41043.2 38349.8 34989.6 31021.1 26513.4 21544.7 16201.4 10576.6 4767.8 -1123.85 -6995.96 -12746.4 -18275.3 -23486.5 -28289.4 -32600.5 -36344.8 -39457.3 -41883.8 -43582.2 -44522.9 -44689.6 -44079.4 -42702.8 -40583.9 -37759.5 -34278.6 -30201.8 -25599.9 -20553 -15148.8 -9481.25 -3648.84 2246.99 8103.77 13819.7 19295.3 24435.5 29150.9 33359.5 36988.2 39973.8 42264.5 43820.5 44614.6 44633.1 43875.7 42355.5 40099 37145.4 33546 29363.4 24670.4 19548.4 14086.6 8379.95 2527.59 -3368.72 -9206.46 -14884.1 -20303.1 -25369 -29994 -34097.5 -37608.2 -40465.1 -42618.5 -44031.1 -44678.1 -44548.4 -43644.3 -41981.5 -39588.7 -36507.8 -32792.2 -28506.5 -23725.2 -18531.4 -13015.5 -7273.36 -1404.73 4488.31 10303.3 15939.2 
4.4e-11 6162.17 12206.8 18018.5 23486.5 28506.5 32982.6 36829.5 39973.8 42355.5 43929.2 44664.9 44548.4 43582.2 41784.5 39189.6 35847.2 31820.8 27187.5 22035.4 16463 10576.6 4488.31 -1685.56 -7827.27 -13819.7 -19548.4 -24904.2 -29785 -34097.5 -37759.5 -40701.2 -42866.4 -44213.9 -44717.8 -44368.7 -43173.2 -41154 -38349.8 -34813.9 -30613.9 -25829.8 -20553 -14884.1 -8931.3 -2808.08 3368.72 9481.25 15412.9 21050.5 26286.6 31021.1 35163.9 38635.8 41370.7 43316.4 44435.6 44707.2 44125.9 42702.8 40465.1 37455.4 33731.1 29363.4 24435.5 19041.4 13284.1 7273.36 1123.85 -5047.09 -11121.7 -16984.2 -22522.7 -27631.5 -32213.2 -36180.3 -39457.3 -41981.5 -43704.8 -44594.3 -44633.1 -43820.5 -42171.8 -39718.7 -36507.8 -32600.5 -28071.2 -23006.4 -17502.8 -11665.2 -5605.07 561.97 6718.29 12746.4 18531.4 23962.9 28937.2 33359.5 37145.4 
4.6e-11 6440.36 12746.4 18786.8 24435.5 29574.8 34097.5 37909.3 40930.8 43099 44368.7 44713.4 44125.9 42618.5 40222.6 36988.2 32982.6 28289.4 23006.4 17243.8 11121.7 4767.8 -1685.56 -8103.77 -14353 -20303.1 -25829.8 -30818.1 -35163.9 -38776.6 -41580.9 -43518.3 -44548.4 -44649.9 -43820.5 -42077.5 -39457.3 -36014.5 -31820.8 -26963.8 -21544.7 -15676.4 -9481.25 -3088.46 3368.72 9755.66 15939.2 21790.5 27187.5 32017.7 36180.3 39588.7 42171.8 43875.7 44664.9 44522.9 43452.7 41476.6 38635.8 34989.6 30613.9 25599.9 20052.3 14086.6 7827.27 1404.73 -5047.09 -11393.7 -17502.8 -23246.9 -28506.5 -33171.7 -37145.4 -40344.7 -42702.8 -44170.8 -44717.8 -44332.6 -43023.2 -40816.8 -37759.5 -33915 -29363.4 -24199.7 -18531.4 -12476.9 -6162.17 280.991 6718.29 13015.5 19041.4 24670.4 29785 34278.6 38057.6 41043.2 43173.2 44403.1 44707.2 
4.8e-11 6718.29 13284.1 19548.4 25369 30613.9 35163.9 38915.8 41784.5 43704.8 44633.1 44548.4 43452.7 41370.7 38349.8 34458.4 29785 24435.5 18531.4 12206.8 5605.07 -1123.85 -7827.27 -14353 -20553 -26286.6 -31423.5 -35847.2 -39457.3 -42171.8 -43929.2 -44689.6 -44435.6 -43173.2 -40930.8 -37759.5 -33731.1 -28937.2 -23486.5 -17502.8 -11121.7 -4488.31 2246.99 8931.3 15412.9 21544.7 27187.5 32213.2 36507.8 39973.8 42532.5 44125.9 44717.8 44294.8 42866.4 40465.1 37145.4 32982.6 28071.2 22522.7 16463 10029.7 3368.72 -3368.72 -10029.7 -16463 -22522.7 -28071.2 -32982.6 -37145.4 -40465.1 -42866.4 -44294.8 -44717.8 -44125.9 -42532.5 -39973.8 -36507.8 -32213.2 -27187.5 -21544.7 -15412.9 -8931.3 -2246.99 4488.31 11121.7 17502.8 23486.5 28937.2 33731.1 37759.5 40930.8 43173.2 44435.6 44689.6 43929.2 42171.8 39457.3 35847.2 
5e-11 6995.96 13819.7 20303.1 26286.6 31622.8 36180.3 39847 42532.5 44170.8 44721.4 44170.8 42532.5 39847 36180.3 31622.8 26286.6 20303.1 13819.7 6995.96 5.6937e-09 -6995.96 -13819.7 -20303.1 -26286.6 -31622.8 -36180.3 -39847 -42532.5 -44170.8 -44721.4 -44170.8 -42532.5 -39847 -36180.3 -31622.8 -26286.6 -20303.1 -13819.7 -6995.96 -5.16294e-09 6995.96 13819.7 20303.1 26286.6 31622.8 36180.3 39847 42532.5 44170.8 44721.4 44170.8 42532.5 39847 36180.3 31622.8 26286.6 20303.1 13819.7 6995.96 1.11869e-09 -6995.96 -13819.7 -20303.1 -26286.6 -31622.8 -36180.3 -39847 -42532.5 -44170.8 -44721.4 -44170.8 -42532.5 -39847 -36180.3 -31622.8 -26286.6 -20303.1 -13819.7 -6995.96 -1.57164e-09 6995.96 13819.7 20303.1 26286.6 31622.8 36180.3 39847 42532.5 44170.8 44721.4 44170.8 42532.5 39847 36180.3 31622.8 26286.6 20303.1 13819.7 
5.2e-11 7273.36 14353 21050.5 27187.5 32600.5 37145.4 40701.2 43173.2 44495.6 44633.1 43582.2 41370.7 38057.6 33731.1 28506.5 22522.7 15939.2 8931.3 1685.56 -5605.07 -12746.4 -19548.4 -25829.8 -31423.5 -36180.3 -39973.8 -42702.8 -44294.8 -44707.2 -43929.2 -41981.5 -38915.8 -34813.9 -29785 -23962.9 -17502.8 -10576.6 -3368.72 3928.82 11121.7 18018.5 24435.5 30201.8 35163.9 39189.6 42171.8 44031.1 44717.8 44213.9 42532.5 39718.7 35847.2 31021.1 25369 19041.4 12206.8 5047.09 -2246.99 -9481.25 -16463 -23006.4 -28937.2 -34097.5 -38349.8 -41580.9 -43704.8 -44664.9 -44435.6 -43023.2 -40465.1 -36829.5 -32213.2 -26739.1 -20553 -13819.7 -6718.29 561.97 7827.27 14884.1 21544.7 27631.5 32982.6 37455.4 40930.8 43316.4 44548.4 44594.3 43452.7 41154 37759.5 33359.5 28071.2 22035.4 15412.9 8379.95 1123.85 -6162.17 -13284.1 
5.4e-11 7550.46 14884.1 21790.5 28071.2 33546 38057.6 41476.6 43704.8 44678.1 44368.7 42785.5 39973.8 36014.5 31021.1 25137.1 18531.4 11393.7 3928.82 -3648.84 -11121.7 -18275.3 -24904.2 -30818.1 -35847.2 -39847 -42702.8 -44332.6 -44689.6 -43763.5 -41580.9 -38204.4 -33731.1 -28289.4 -22035.4 -15148.8 -7827.27 -280.991 7273.36 14618.9 21544.7 27851.9 33359.5 37909.3 41370.7 43644.3 44664.9 44403.1 42866.4 40099 36180.3 31222.9 25369 18786.8 11665.2 4208.65 -3368.72 -10849.4 -18018.5 -24670.4 -30613.9 -35678.5 -39718.7 -42618.5 -44294.8 -44699.3 -43820.5 -41683.5 -38349.8 -33915 -28506.5 -22279.5 -15412.9 -8103.77 -561.97 6995.96 14353 21298 27631.5 33171.7 37759.5 41263.2 43582.2 44649.9 44435.6 42945.6 40222.6 36344.8 31423.5 25599.9 19041.4 11936.2 4488.31 -3088.46 -10576.6 -17761 -24435.5 -30408.4 -35508.3 
5.6e-11 7827.27 15412.9 22522.7 28937.2 34458.4 38915.8 42171.8 44125.9 44717.8 43929.2 41784.5 38349.8 33731.1 28071.2 21544.7 14353 6718.29 -1123.85 -8931.3 -16463 -23486.5 -29785 -35163.9 -39457.3 -42532.5 -44294.8 -44689.6 -43704.8 -41370.7 -37759.5 -32982.6 -27187.5 -20553 -13284.1 -5605.07 2246.99 10029.7 17502.8 24435.5 30613.9 35847.2 39973.8 42866.4 44435.6 44633.1 43452.7 40930.8 37145.4 32213.2 26286.6 19548.4 12206.8 4488.31 -3368.72 -11121.7 -18531.4 -25369 -31423.5 -36507.8 -40465.1 -43173.2 -44548.4 -44548.4 -43173.2 -40465.1 -36507.8 -31423.5 -25369 -18531.4 -11121.7 -3368.72 4488.31 12206.8 19548.4 26286.6 32213.2 37145.4 40930.8 43452.7 44633.1 44435.6 42866.4 39973.8 35847.2 30613.9 24435.5 17502.8 10029.7 2246.99 -5605.07 -13284.1 -20553 -27187.5 -32982.6 -37759.5 -41370.7 -43704.8 -44689.6 
5.8e-11 8103.77 15939.2 23246.9 29785 35336.8 39718.7 42785.5 44435.6 44614.6 43316.4 40583.9 36507.8 31222.9 24904.2 17761 10029.7 1966.31 -6162.17 -14086.6 -21544.7 -28289.4 -34097.5 -38776.6 -42171.8 -44170.8 -44707.2 -43763.5 -41370.7 -37608.2 -32600.5 -26513.4 -19548.4 -11936.2 -3928.82 4208.65 12206.8 19800.8 26739.1 32792.2 37759.5 41476.6 43820.5 44713.4 44125.9 42077.5 38635.8 33915 28071.2 21298 13819.7 5883.74 -2246.99 -10303.3 -18018.5 -25137.1 -31423.5 -36669.4 -40701.2 -43385.4 -44633.1 -44403.1 -42702.8 -39588.7 -35163.9 -29574.8 -23006.4 -15676.4 -7827.27 280.991 8379.95 16201.4 23486.5 29994 35508.3 39847 42866.4 44466.5 44594.3 43245.6 40465.1 36344.8 31021.1 24670.4 17502.8 9755.66 1685.56 -6440.36 -14353 -21790.5 -28506.5 -34278.6 -38915.8 -42264.5 -44213.9 -44699.3 -43704.8 -41263.2 -37455.4 
6e-11 8379.95 16463 23962.9 30613.9 36180.3 40465.1 43316.4 44633.1 44368.7 42532.5 39189.6 34458.4 28506.5 21544.7 13819.7 5605.07 -2808.08 -11121.7 -19041.4 -26286.6 -32600.5 -37759.5 -41580.9 -43929.2 -44721.4 -43929.2 -41580.9 -37759.5 -32600.5 -26286.6 -19041.4 -11121.7 -2808.08 5605.07 13819.7 21544.7 28506.5 34458.4 39189.6 42532.5 44368.7 44633.1 43316.4 40465.1 36180.3 30613.9 23962.9 16463 8379.95 -4.48152e-09 -8379.95 -16463 -23962.9 -30613.9 -36180.3 -40465.1 -43316.4 -44633.1 -44368.7 -42532.5 -39189.6 -34458.4 -28506.5 -21544.7 -13819.7 -5605.07 2808.08 11121.7 19041.4 26286.6 32600.5 37759.5 41580.9 43929.2 44721.4 43929.2 41580.9 37759.5 32600.5 26286.6 19041.4 11121.7 2808.08 -5605.07 -13819.7 -21544.7 -28506.5 -34458.4 -39189.6 -42532.5 -44368.7 -44633.1 -43316.4 -40465.1 -36180.3 -30613.9 -23962.9 -16463 
6.2e-11 8655.8 16984.2 24670.4 31423.5 36988.2 41154 43763.5 44717.8 43981 41580.9 37608.2 32213.2 25599.9 18018.5 9755.66 1123.85 -7550.46 -15939.2 -23725.2 -30613.9 -36344.8 -40701.2 -43518.3 -44689.6 -44170.8 -41981.5 -38204.4 -32982.6 -26513.4 -19041.4 -10849.4 -2246.99 6440.36 14884.1 22765 29785 35678.5 40222.6 43245.6 44633.1 44332.6 42355.5 38776.6 33731.1 27410 20052.3 11936.2 3368.72 -5326.19 -13819.7 -21790.5 -28937.2 -34989.6 -39718.7 -42945.6 -44548.4 -44466.5 -42702.8 -39324.2 -34458.4 -28289.4 -21050.5 -13015.5 -4488.31 4208.65 12746.4 20802.2 28071.2 34278.6 39189.6 42618.5 44435.6 44572.3 43023.2 39847 35163.9 29150.9 22035.4 14086.6 5605.07 -3088.46 -11665.2 -19800.8 -27187.5 -33546 -38635.8 -42264.5 -44294.8 -44649.9 -43316.4 -40344.7 -35847.2 -29994 -23006.4 -15148.8 -6718.29 1966.31 10576.6 
6.4e-11 8931.3 17502.8 25369 32213.2 37759.5 41784.5 44125.9 44689.6 43452.7 40465.1 35847.2 29785 22522.7 14353 5605.07 -3368.72 -12206.8 -20553 -28071.2 -34458.4 -39457.3 -42866.4 -44548.4 -44435.6 -42532.5 -38915.8 -33731.1 -27187.5 -19548.4 -11121.7 -2246.99 6718.29 15412.9 23486.5 30613.9 36507.8 40930.8 43704.8 44717.8 43929.2 41370.7 37145.4 31423.5 24435.5 16463 7827.27 -1123.85 -10029.7 -18531.4 -26286.6 -32982.6 -38349.8 -42171.8 -44294.8 -44633.1 -43173.2 -39973.8 -35163.9 -28937.2 -21544.7 -13284.1 -4488.31 4488.31 13284.1 21544.7 28937.2 35163.9 39973.8 43173.2 44633.1 44294.8 42171.8 38349.8 32982.6 26286.6 18531.4 10029.7 1123.85 -7827.27 -16463 -24435.5 -31423.5 -37145.4 -41370.7 -43929.2 -44717.8 -43704.8 -40930.8 -36507.8 -30613.9 -23486.5 -15412.9 -6718.29 2246.99 11121.7 19548.4 27187.5 33731.1 
6.6e-11 9206.46 18018.5 26058.7 32982.6 38493.6 42355.5 44403.1 44548.4 42785.5 39189.6 33915 27187.5 19295.3 10576.6 1404.73 -7827.27 -16724 -24904.2 -32017.7 -37759.5 -41883.8 -44213.9 -44649.9 -43173.2 -39847 -34813.9 -28289.4 -20553 -11936.2 -2808.08 6440.36 15412.9 23725.2 31021.1 36988.2 41370.7 43981 44707.2 43518.3 40465.1 35678.5 29363.4 21790.5 13284.1 4208.65 -5047.09 -14086.6 -22522.7 -29994 -36180.3 -40816.8 -43704.8 -44720.5 -43820.5 -41043.2 -36507.8 -30408.4 -23006.4 -14618.9 -5605.07 3648.84 12746.4 21298 28937.2 35336.8 40222.6 43385.4 44689.6 44079.4 41580.9 37301.1 31423.5 24199.7 15939.2 6995.96 -2246.99 -11393.7 -20052.3 -27851.9 -34458.4 -39588.7 -43023.2 -44614.6 -44294.8 -42077.5 -38057.6 -32407.5 -25369 -17243.8 -8379.95 842.928 10029.7 18786.8 26739.1 33546 38915.8 42618.5 44495.6 
6.8e-11 9481.25 18531.4 26739.1 33731.1 39189.6 42866.4 44594.3 44294.8 41981.5 37759.5 31820.8 24435.5 15939.2 6718.29 -2808.08 -12206.8 -21050.5 -28937.2 -35508.3 -40465.1 -43582.2 -44717.8 -43820.5 -40930.8 -36180.3 -29785 -22035.4 -13284.1 -3928.82 5605.07 14884.1 23486.5 31021.1 37145.4 41580.9 44125.9 44664.9 43173.2 39718.7 34458.4 27631.5 19548.4 10576.6 1123.85 -8379.95 -17502.8 -25829.8 -32982.6 -38635.8 -42532.5 -44495.6 -44435.6 -42355.5 -38349.8 -32600.5 -25369 -16984.2 -7827.27 1685.56 11121.7 20052.3 28071.2 34813.9 39973.8 43316.4 44689.6 44031.1 41370.7 36829.5 30613.9 23006.4 14353 5047.09 -4488.31 -13819.7 -22522.7 -30201.8 -36507.8 -41154 -43929.2 -44707.2 -43452.7 -40222.6 -35163.9 -28506.5 -20553 -11665.2 -2246.99 7273.36 16463 24904.2 32213.2 38057.6 42171.8 44368.7 44548.4 42702.8 38915.8 
7e-11 9755.66 19041.4 27410 34458.4 39847 43316.4 44699.3 43929.2 41043.2 36180.3 29574.8 21544.7 12476.9 2808.08 -6995.96 -16463 -25137.1 -32600.5 -38493.6 -42532.5 -44522.9 -44368.7 -42077.5 -37759.5 -31622.8 -23962.9 -15148.8 -5605.07 4208.65 13819.7 22765 30613.9 36988.2 41580.9 44170.8 44633.1 42945.6 39189.6 33546 26286.6 17761 8379.95 -1404.73 -11121.7 -20303.1 -28506.5 -35336.8 -40465.1 -43644.3 -44721.4 -43644.3 -40465.1 -35336.8 -28506.5 -20303.1 -11121.7 -1404.73 8379.95 17761 26286.6 33546 39189.6 42945.6 44633.1 44170.8 41580.9 36988.2 30613.9 22765 13819.7 4208.65 -5605.07 -15148.8 -23962.9 -31622.8 -37759.5 -42077.5 -44368.7 -44522.9 -42532.5 -38493.6 -32600.5 -25137.1 -16463 -6995.96 2808.08 12476.9 21544.7 29574.8 36180.3 41043.2 43929.2 44699.3 43316.4 39847 34458.4 27410 19041.4 
7.2e-11 10029.7 19548.4 28071.2 35163.9 40465.1 43704.8 44717.8 43452.7 39973.8 34458.4 27187.5 18531.4 8931.3 -1123.85 -11121.7 -20553 -28937.2 -35847.2 -40930.8 -43929.2 -44689.6 -43173.2 -39457.3 -33731.1 -26286.6 -17502.8 -7827.27 2246.99 12206.8 21544.7 29785 36507.8 41370.7 44125.9 44633.1 42866.4 38915.8 32982.6 25369 16463 6718.29 -3368.72 -13284.1 -22522.7 -30613.9 -37145.4 -41784.5 -44294.8 -44548.4 -42532.5 -38349.8 -32213.2 -24435.5 -15412.9 -5605.07 4488.31 14353 23486.5 31423.5 37759.5 42171.8 44435.6 44435.6 42171.8 37759.5 31423.5 23486.5 14353 4488.31 -5605.07 -15412.9 -24435.5 -32213.2 -38349.8 -42532.5 -44548.4 -44294.8 -41784.5 -37145.4 -30613.9 -22522.7 -13284.1 -3368.72 6718.29 16463 25369 32982.6 38915.8 42866.4 44633.1 44125.9 41370.7 36507.8 29785 21544.7 12206.8 2246.99 -7827.27 
7.4e-11 10303.3 20052.3 28722.4 35847.2 41043.2 44031.1 44649.9 42866.4 38776.6 32600.5 24670.4 15412.9 5326.19 -5047.09 -15148.8 -24435.5 -32407.5 -38635.8 -42785.5 -44633.1 -44079.4 -41154 -36014.5 -28937.2 -20303.1 -10576.6 -280.991 10029.7 19800.8 28506.5 35678.5 40930.8 43981 44664.9 42945.6 38915.8 32792.2 24904.2 15676.4 5605.07 -4767.8 -14884.1 -24199.7 -32213.2 -38493.6 -42702.8 -44614.6 -44125.9 -41263.2 -36180.3 -29150.9 -20553 -10849.4 -561.97 9755.66 19548.4 28289.4 35508.3 40816.8 43929.2 44678.1 43023.2 39053.5 32982.6 25137.1 15939.2 5883.74 -4488.31 -14618.9 -23962.9 -32017.7 -38349.8 -42618.5 -44594.3 -44170.8 -41370.7 -36344.8 -29363.4 -20802.2 -11121.7 -842.928 9481.25 19295.3 28071.2 35336.8 40701.2 43875.7 44689.6 43099 39189.6 33171.7 25369 16201.4 6162.17 -4208.65 -14353 -23725.2 -31820.8 
7.6e-11 10576.6 20553 29363.4 36507.8 41580.9 44294.8 44495.6 42171.8 37455.4 30613.9 22035.4 12206.8 1685.56 -8931.3 -19041.4 -28071.2 -35508.3 -40930.8 -44031.1 -44633.1 -42702.8 -38349.8 -31820.8 -23486.5 -13819.7 -3368.72 7273.36 17502.8 26739.1 34458.4 40222.6 43704.8 44707.2 43173.2 39189.6 32982.6 24904.2 15412.9 5047.09 -5605.07 -15939.2 -25369 -33359.5 -39457.3 -43316.4 -44717.8 -43582.2 -39973.8 -34097.5 -26286.6 -16984.2 -6718.29 3928.82 14353 23962.9 32213.2 38635.8 42866.4 44664.9 43929.2 40701.2 35163.9 27631.5 18531.4 8379.95 -2246.99 -12746.4 -22522.7 -31021.1 -37759.5 -42355.5 -44548.4 -44213.9 -41370.7 -36180.3 -28937.2 -20052.3 -10029.7 561.97 11121.7 21050.5 29785 36829.5 41784.5 44368.7 44435.6 41981.5 37145.4 30201.8 21544.7 11665.2 1123.85 -9481.25 -19548.4 -28506.5 -35847.2 -41154 -44125.9 
7.8e-11 10849.4 21050.5 29994 37145.4 42077.5 44495.6 44255.2 41370.7 36014.5 28506.5 19295.3 8931.3 -1966.31 -12746.4 -22765 -31423.5 -38204.4 -42702.8 -44649.9 -43929.2 -40583.9 -34813.9 -26963.8 -17502.8 -6995.96 3928.82 14618.9 24435.5 32792.2 39189.6 43245.6 44717.8 43518.3 39718.7 33546 25369 15676.4 5047.09 -5883.74 -16463 -26058.7 -34097.5 -40099 -43704.8 -44699.3 -43023.2 -38776.6 -32213.2 -23725.2 -13819.7 -3088.46 7827.27 18275.3 27631.5 35336.8 40930.8 44079.4 44594.3 42444.9 37759.5 30818.1 22035.4 11936.2 1123.85 -9755.66 -20052.3 -29150.9 -36507.8 -41683.5 -44368.7 -44403.1 -41784.5 -36669.4 -29363.4 -20303.1 -10029.7 842.928 11665.2 21790.5 30613.9 37608.2 42355.5 44572.3 44125.9 41043.2 35508.3 27851.9 18531.4 8103.77 -2808.08 -13552.1 -23486.5 -32017.7 -38635.8 -42945.6 -44689.6 -43763.5 -40222.6 
8e-11 11121.7 21544.7 30613.9 37759.5 42532.5 44633.1 43929.2 40465.1 34458.4 26286.6 16463 5605.07 -5605.07 -16463 -26286.6 -34458.4 -40465.1 -43929.2 -44633.1 -42532.5 -37759.5 -30613.9 -21544.7 -11121.7 -7.45724e-10 11121.7 21544.7 30613.9 37759.5 42532.5 44633.1 43929.2 40465.1 34458.4 26286.6 16463 5605.07 -5605.07 -16463 -26286.6 -34458.4 -40465.1 -43929.2 -44633.1 -42532.5 -37759.5 -30613.9 -21544.7 -11121.7 6.03082e-09 11121.7 21544.7 30613.9 37759.5 42532.5 44633.1 43929.2 40465.1 34458.4 26286.6 16463 5605.07 -5605.07 -16463 -26286.6 -34458.4 -40465.1 -43929.2 -44633.1 -42532.5 -37759.5 -30613.9 -21544.7 -11121.7 -7.9201e-10 11121.7 21544.7 30613.9 37759.5 42532.5 44633.1 43929.2 40465.1 34458.4 26286.6 16463 5605.07 -5605.07 -16463 -26286.6 -34458.4 -40465.1 -43929.2 -44633.1 -42532.5 -37759.5 -30613.9 -21544.7 
8.2e-11 11393.7 22035.4 31222.9 38349.8 42945.6 44707.2 43518.3 39457.3 32792.2 23962.9 13552.1 2246.99 -9206.46 -20052.3 -29574.8 -37145.4 -42264.5 -44594.3 -43981 -40465.1 -34278.6 -25829.8 -15676.4 -4488.31 6995.96 18018.5 27851.9 35847.2 41476.6 44368.7 44332.6 41370.7 35678.5 27631.5 17761 6718.29 -4767.8 -15939.2 -26058.7 -34458.4 -40583.9 -44031.1 -44572.3 -42171.8 -36988.2 -29363.4 -19800.8 -8931.3 2527.59 13819.7 24199.7 32982.6 39588.7 43582.2 44699.3 42866.4 38204.4 31021.1 21790.5 11121.7 -280.991 -11665.2 -22279.5 -31423.5 -38493.6 -43023.2 -44713.4 -43452.7 -39324.2 -32600.5 -23725.2 -13284.1 -1966.31 9481.25 20303.1 29785 37301.1 42355.5 44614.6 43929.2 40344.7 34097.5 25599.9 15412.9 4208.65 -7273.36 -18275.3 -28071.2 -36014.5 -41580.9 -44403.1 -44294.8 -41263.2 -35508.3 -27410 -17502.8 -6440.36 5047.09 
8.4e-11 11665.2 22522.7 31820.8 38915.8 43316.4 44717.8 43023.2 38349.8 31021.1 21544.7 10576.6 -1123.85 -12746.4 -23486.5 -32600.5 -39457.3 -43582.2 -44689.6 -42702.8 -37759.5 -30201.8 -20553 -9481.25 2246.99 13819.7 24435.5 33359.5 39973.8 43820.5 44633.1 42355.5 37145.4 29363.4 19548.4 8379.95 -3368.72 -14884.1 -25369 -34097.5 -40465.1 -44031.1 -44548.4 -41981.5 -36507.8 -28506.5 -18531.4 -7273.36 4488.31 15939.2 26286.6 34813.9 40930.8 44213.9 44435.6 41580.9 35847.2 27631.5 17502.8 6162.17 -5605.07 -16984.2 -27187.5 -35508.3 -41370.7 -44368.7 -44294.8 -41154 -35163.9 -26739.1 -16463 -5047.09 6718.29 18018.5 28071.2 36180.3 41784.5 44495.6 44125.9 40701.2 34458.4 25829.8 15412.9 3928.82 -7827.27 -19041.4 -28937.2 -36829.5 -42171.8 -44594.3 -43929.2 -40222.6 -33731.1 -24904.2 -14353 -2808.08 8931.3 20052.3 29785 
8.6e-11 11936.2 23006.4 32407.5 39457.3 43644.3 44664.9 42444.9 37145.4 29150.9 19041.4 7550.46 -4488.31 -16201.4 -26739.1 -35336.8 -41370.7 -44403.1 -44213.9 -40816.8 -34458.4 -25599.9 -14884.1 -3088.46 8931.3 20303.1 30201.8 37909.3 42866.4 44713.4 43316.4 38776.6 31423.5 21790.5 10576.6 -1404.73 -13284.1 -24199.7 -33359.5 -40099 -43929.2 -44572.3 -41981.5 -36344.8 -28071.2 -17761 -6162.17 5883.74 17502.8 27851.9 36180.3 41883.8 44548.4 43981 40222.6 33546 24435.5 13552.1 1685.56 -10303.3 -21544.7 -31222.9 -38635.8 -43245.6 -44717.8 -42945.6 -38057.6 -30408.4 -20553 -9206.46 2808.08 14618.9 25369 34278.6 40701.2 44170.8 44435.6 41476.6 35508.3 26963.8 16463 4767.8 -7273.36 -18786.8 -28937.2 -36988.2 -42355.5 -44649.9 -43704.8 -39588.7 -32600.5 -23246.9 -12206.8 -280.991 11665.2 22765 32213.2 39324.2 43582.2 
8.8e-11 12206.8 23486.5 32982.6 39973.8 43929.2 44548.4 41784.5 35847.2 27187.5 16463 4488.31 -7827.27 -19548.4 -29785 -37759.5 -42866.4 -44717.8 -43173.2 -38349.8 -30613.9 -20553 -8931.3 3368.72 15412.9 26286.6 35163.9 41370.7 44435.6 44125.9 40465.1 33731.1 24435.5 13284.1 1123.85 -11121.7 -22522.7 -32213.2 -39457.3 -43704.8 -44633.1 -42171.8 -36507.8 -28071.2 -17502.8 -5605.07 6718.29 18531.4 28937.2 37145.4 42532.5 44689.6 43452.7 38915.8 31423.5 21544.7 10029.7 -2246.99 -14353 -25369 -34458.4 -40930.8 -44294.8 -44294.8 -40930.8 -34458.4 -25369 -14353 -2246.99 10029.7 21544.7 31423.5 38915.8 43452.7 44689.6 42532.5 37145.4 28937.2 18531.4 6718.29 -5605.07 -17502.8 -28071.2 -36507.8 -42171.8 -44633.1 -43704.8 -39457.3 -32213.2 -22522.7 -11121.7 1123.85 13284.1 24435.5 33731.1 40465.1 44125.9 44435.6 41370.7 
9e-11 12476.9 23962.9 33546 40465.1 44170.8 44368.7 41043.2 34458.4 25137.1 13819.7 1404.73 -11121.7 -22765 -32600.5 -39847 -43929.2 -44522.9 -41580.9 -35336.8 -26286.6 -15148.8 -2808.08 9755.66 21544.7 31622.8 39189.6 43644.3 44633.1 42077.5 36180.3 27410 16463 4208.65 -8379.95 -20303.1 -30613.9 -38493.6 -43316.4 -44699.3 -42532.5 -36988.2 -28506.5 -17761 -5605.07 6995.96 19041.4 29574.8 37759.5 42945.6 44721.4 42945.6 37759.5 29574.8 19041.4 6995.96 -5605.07 -17761 -28506.5 -36988.2 -42532.5 -44699.3 -43316.4 -38493.6 -30613.9 -20303.1 -8379.95 4208.65 16463 27410 36180.3 42077.5 44633.1 43644.3 39189.6 31622.8 21544.7 9755.66 -2808.08 -15148.8 -26286.6 -35336.8 -41580.9 -44522.9 -43929.2 -39847 -32600.5 -22765 -11121.7 1404.73 13819.7 25137.1 34458.4 41043.2 44368.7 44170.8 40465.1 33546 23962.9 
9.2e-11 12746.4 24435.5 34097.5 40930.8 44368.7 44125.9 40222.6 32982.6 23006.4 11121.7 -1685.56 -14353 -25829.8 -35163.9 -41580.9 -44548.4 -43820.5 -39457.3 -31820.8 -21544.7 -9481.25 3368.72 15939.2 27187.5 36180.3 42171.8 44664.9 43452.7 38635.8 30613.9 20052.3 7827.27 -5047.09 -17502.8 -28506.5 -37145.4 -42702.8 -44717.8 -43023.2 -37759.5 -29363.4 -18531.4 -6162.17 6718.29 19041.4 29785 38057.6 43173.2 44707.2 42532.5 36829.5 28071.2 16984.2 4488.31 -8379.95 -20553 -31021.1 -38915.8 -43582.2 -44633.1 -41981.5 -35847.2 -26739.1 -15412.9 -2808.08 10029.7 22035.4 32213.2 39718.7 43929.2 44495.6 41370.7 34813.9 25369 13819.7 1123.85 -11665.2 -23486.5 -33359.5 -40465.1 -44213.9 -44294.8 -40701.2 -33731.1 -23962.9 -12206.8 561.97 13284.1 24904.2 34458.4 41154 44435.6 44031.1 39973.8 32600.5 22522.7 10576.6 -2246.99 
9.4e-11 13015.5 24904.2 34636.8 41370.7 44522.9 43820.5 39324.2 31423.5 20802.2 8379.95 -4767.8 -17502.8 -28722.4 -37455.4 -42945.6 -44717.8 -42618.5 -36829.5 -27851.9 -16463 -3648.84 9481.25 21790.5 32213.2 39847 44031.1 44403.1 40930.8 33915 23962.9 11936.2 -1123.85 -14086.6 -25829.8 -35336.8 -41784.5 -44614.6 -43582.2 -38776.6 -30613.9 -19800.8 -7273.36 5883.74 18531.4 29574.8 38057.6 43245.6 44689.6 42264.5 36180.3 26963.8 15412.9 2527.59 -10576.6 -22765 -32982.6 -40344.7 -44213.9 -44255.2 -40465.1 -33171.7 -23006.4 -10849.4 2246.99 15148.8 26739.1 36014.5 42171.8 44678.1 43316.4 38204.4 29785 18786.8 6162.17 -6995.96 -19548.4 -30408.4 -38635.8 -43518.3 -44633.1 -41883.8 -35508.3 -26058.7 -14353 -1404.73 11665.2 23725.2 33731.1 40816.8 44368.7 44079.4 39973.8 32407.5 22035.4 9755.66 -3368.72 -16201.4 -27631.5 
9.6e-11 13284.1 25369 35163.9 41784.5 44633.1 43452.7 38349.8 29785 18531.4 5605.07 -7827.27 -20553 -31423.5 -39457.3 -43929.2 -44435.6 -40930.8 -33731.1 -23486.5 -11121.7 2246.99 15412.9 27187.5 36507.8 42532.5 44717.8 42866.4 37145.4 28071.2 16463 3368.72 -10029.7 -22522.7 -32982.6 -40465.1 -44294.8 -44125.9 -39973.8 -32213.2 -21544.7 -8931.3 4488.31 17502.8 28937.2 37759.5 43173.2 44689.6 42171.8 35847.2 26286.6 14353 1123.85 -12206.8 -24435.5 -34458.4 -41370.7 -44548.4 -43704.8 -38915.8 -30613.9 -19548.4 -6718.29 6718.29 19548.4 30613.9 38915.8 43704.8 44548.4 41370.7 34458.4 24435.5 12206.8 -1123.85 -14353 -26286.6 -35847.2 -42171.8 -44689.6 -43173.2 -37759.5 -28937.2 -17502.8 -4488.31 8931.3 21544.7 32213.2 39973.8 44125.9 44294.8 40465.1 32982.6 22522.7 10029.7 -3368.72 -16463 -28071.2 -37145.4 -42866.4 
